1676,7,31,40,24,32,17,41,42,33 time: 0.01, learned: 103, props: 56678
1676,7,31,40,24,32,17,41,42,-33 time: 0.01, learned: 86, props: 70806
1676,7,31,40,24,32,17,41,-42,33 time: 0.01, learned: 134, props: 75884
1676,7,31,40,24,32,17,41,-42,-33 time: 0.01, learned: 133, props: 124003
1676,7,31,40,24,32,17,-41,42,33 time: 0.01, learned: 98, props: 102175
1676,7,31,40,24,32,17,-41,42,-33 time: 0.01, learned: 103, props: 69382
1676,7,31,40,24,32,17,-41,-42,33 time: 0.01, learned: 148, props: 161640
1676,7,31,40,24,32,17,-41,-42,-33 time: 0.01, learned: 177, props: 189410
1676,7,31,40,24,32,-17,41,42,33 time: 0.04, learned: 1029, props: 1200115
1676,7,31,40,24,32,-17,41,42,-33 time: 0.04, learned: 1074, props: 1183002
1676,7,31,40,24,32,-17,41,-42,33 time: 0.03, learned: 842, props: 934283
1676,7,31,40,24,32,-17,41,-42,-33 time: 0.04, learned: 959, props: 1221082
1676,7,31,40,24,32,-17,-41,42,33 time: 0.03, learned: 787, props: 1032888
1676,7,31,40,24,32,-17,-41,42,-33 time: 0.05, learned: 1100, props: 1289459
1676,7,31,40,24,32,-17,-41,-42,33 time: 0.05, learned: 1141, props: 1408816
1676,7,31,40,24,32,-17,-41,-42,-33 time: 0.04, learned: 1067, props: 1000090
1676,7,31,40,24,-32,17,41,42,33 time: 0.01, learned: 100, props: 86481
1676,7,31,40,24,-32,17,41,42,-33 time: 0.01, learned: 91, props: 107295
1676,7,31,40,24,-32,17,41,-42,33 time: 0.01, learned: 183, props: 134378
1676,7,31,40,24,-32,17,41,-42,-33 time: 0.01, learned: 105, props: 121022
1676,7,31,40,24,-32,17,-41,42,33 time: 0.01, learned: 143, props: 182250
1676,7,31,40,24,-32,17,-41,42,-33 time: 0.01, learned: 125, props: 100575
1676,7,31,40,24,-32,17,-41,-42,33 time: 0.01, learned: 98, props: 131213
1676,7,31,40,24,-32,17,-41,-42,-33 time: 0.01, learned: 151, props: 175953
1676,7,31,40,24,-32,-17,41,42,33 time: 0.03, learned: 763, props: 886176
1676,7,31,40,24,-32,-17,41,42,-33 time: 0.03, learned: 856, props: 854432
1676,7,31,40,24,-32,-17,41,-42,33 time: 0.05, learned: 1078, props: 1225283
1676,7,31,40,24,-32,-17,41,-42,-33 time: 0.03, learned: 910, props: 927667
1676,7,31,40,24,-32,-17,-41,42,33 time: 0.03, learned: 651, props: 765592
1676,7,31,40,24,-32,-17,-41,42,-33 time: 0.03, learned: 867, props: 960801
1676,7,31,40,24,-32,-17,-41,-42,33 time: 0.04, learned: 973, props: 1198112
1676,7,31,40,24,-32,-17,-41,-42,-33 time: 0.03, learned: 689, props: 931607
1676,7,31,40,-24,32,17,41,42,33 time: 0.01, learned: 92, props: 62396
1676,7,31,40,-24,32,17,41,42,-33 time: 0.01, learned: 144, props: 140787
1676,7,31,40,-24,32,17,41,-42,33 time: 0.01, learned: 162, props: 165032
1676,7,31,40,-24,32,17,41,-42,-33 time: 0.01, learned: 81, props: 70463
1676,7,31,40,-24,32,17,-41,42,33 time: 0.01, learned: 159, props: 157102
1676,7,31,40,-24,32,17,-41,42,-33 time: 0.01, learned: 185, props: 179135
1676,7,31,40,-24,32,17,-41,-42,33 time: 0.01, learned: 229, props: 239394
1676,7,31,40,-24,32,17,-41,-42,-33 time: 0.01, learned: 169, props: 175296
1676,7,31,40,-24,32,-17,41,42,33 time: 0.09, learned: 1830, props: 2456803
1676,7,31,40,-24,32,-17,41,42,-33 time: 0.05, learned: 1158, props: 1375210
1676,7,31,40,-24,32,-17,41,-42,33 time: 0.04, learned: 1080, props: 1233842
1676,7,31,40,-24,32,-17,41,-42,-33 time: 0.04, learned: 1054, props: 1006784
1676,7,31,40,-24,32,-17,-41,42,33 time: 0.04, learned: 1083, props: 1194403
1676,7,31,40,-24,32,-17,-41,42,-33 time: 0.04, learned: 1040, props: 1201422
1676,7,31,40,-24,32,-17,-41,-42,33 time: 0.05, learned: 1135, props: 1318731
1676,7,31,40,-24,32,-17,-41,-42,-33 time: 0.04, learned: 992, props: 1036323
1676,7,31,40,-24,-32,17,41,42,33 time: 0.01, learned: 171, props: 121735
1676,7,31,40,-24,-32,17,41,42,-33 time: 0.01, learned: 176, props: 166863
1676,7,31,40,-24,-32,17,41,-42,33 time: 0.01, learned: 139, props: 111106
1676,7,31,40,-24,-32,17,41,-42,-33 time: 0.01, learned: 75, props: 90728
1676,7,31,40,-24,-32,17,-41,42,33 time: 0.01, learned: 128, props: 110578
1676,7,31,40,-24,-32,17,-41,42,-33 time: 0.01, learned: 190, props: 218028
1676,7,31,40,-24,-32,17,-41,-42,33 time: 0.01, learned: 123, props: 119264
1676,7,31,40,-24,-32,17,-41,-42,-33 time: 0.01, learned: 126, props: 117292
1676,7,31,40,-24,-32,-17,41,42,33 time: 0.06, learned: 1393, props: 1497088
1676,7,31,40,-24,-32,-17,41,42,-33 time: 0.06, learned: 1266, props: 1769516
1676,7,31,40,-24,-32,-17,41,-42,33 time: 0.04, learned: 946, props: 1074376
1676,7,31,40,-24,-32,-17,41,-42,-33 time: 0.03, learned: 830, props: 911920
1676,7,31,40,-24,-32,-17,-41,42,33 time: 0.04, learned: 1034, props: 1064432
1676,7,31,40,-24,-32,-17,-41,42,-33 time: 0.04, learned: 1006, props: 1038179
1676,7,31,40,-24,-32,-17,-41,-42,33 time: 0.04, learned: 976, props: 1074903
1676,7,31,40,-24,-32,-17,-41,-42,-33 time: 0.04, learned: 865, props: 977273
1676,7,31,-40,24,32,17,41,42,33 time: 0.01, learned: 89, props: 94618
1676,7,31,-40,24,32,17,41,42,-33 time: 0.01, learned: 88, props: 103453
1676,7,31,-40,24,32,17,41,-42,33 time: 0.01, learned: 139, props: 119129
1676,7,31,-40,24,32,17,41,-42,-33 time: 0.01, learned: 135, props: 146379
1676,7,31,-40,24,32,17,-41,42,33 time: 0.01, learned: 113, props: 134566
1676,7,31,-40,24,32,17,-41,42,-33 time: 0.01, learned: 193, props: 201167
1676,7,31,-40,24,32,17,-41,-42,33 time: 0.01, learned: 172, props: 197348
1676,7,31,-40,24,32,17,-41,-42,-33 time: 0.01, learned: 198, props: 210797
1676,7,31,-40,24,32,-17,41,42,33 time: 0.03, learned: 838, props: 990674
1676,7,31,-40,24,32,-17,41,42,-33 time: 0.04, learned: 1073, props: 1188147
1676,7,31,-40,24,32,-17,41,-42,33 time: 0.04, learned: 1046, props: 1106040
1676,7,31,-40,24,32,-17,41,-42,-33 time: 0.03, learned: 869, props: 892305
1676,7,31,-40,24,32,-17,-41,42,33 time: 0.04, learned: 1205, props: 1130524
1676,7,31,-40,24,32,-17,-41,42,-33 time: 0.03, learned: 897, props: 932269
1676,7,31,-40,24,32,-17,-41,-42,33 time: 0.05, learned: 1053, props: 1310078
1676,7,31,-40,24,32,-17,-41,-42,-33 time: 0.05, learned: 1072, props: 1296717
1676,7,31,-40,24,-32,17,41,42,33 time: 0.01, learned: 189, props: 206401
1676,7,31,-40,24,-32,17,41,42,-33 time: 0.01, learned: 174, props: 201172
1676,7,31,-40,24,-32,17,41,-42,33 time: 0.01, learned: 298, props: 251001
1676,7,31,-40,24,-32,17,41,-42,-33 time: 0.01, learned: 120, props: 99501
1676,7,31,-40,24,-32,17,-41,42,33 time: 0.01, learned: 132, props: 104262
1676,7,31,-40,24,-32,17,-41,42,-33 time: 0.01, learned: 246, props: 246130
1676,7,31,-40,24,-32,17,-41,-42,33 time: 0.01, learned: 205, props: 181527
1676,7,31,-40,24,-32,17,-41,-42,-33 time: 0.01, learned: 258, props: 250897
1676,7,31,-40,24,-32,-17,41,42,33 time: 0.04, learned: 899, props: 969958
1676,7,31,-40,24,-32,-17,41,42,-33 time: 0.04, learned: 921, props: 1136388
1676,7,31,-40,24,-32,-17,41,-42,33 time: 0.03, learned: 875, props: 946565
1676,7,31,-40,24,-32,-17,41,-42,-33 time: 0.03, learned: 863, props: 852121
1676,7,31,-40,24,-32,-17,-41,42,33 time: 0.04, learned: 993, props: 1070804
1676,7,31,-40,24,-32,-17,-41,42,-33 time: 0.05, learned: 1083, props: 1276025
1676,7,31,-40,24,-32,-17,-41,-42,33 time: 0.04, learned: 886, props: 1019434
1676,7,31,-40,24,-32,-17,-41,-42,-33 time: 0.05, learned: 1306, props: 1314286
1676,7,31,-40,-24,32,17,41,42,33 time: 0.01, learned: 139, props: 114551
1676,7,31,-40,-24,32,17,41,42,-33 time: 0.01, learned: 107, props: 75633
1676,7,31,-40,-24,32,17,41,-42,33 time: 0.01, learned: 167, props: 149855
1676,7,31,-40,-24,32,17,41,-42,-33 time: 0.01, learned: 147, props: 157120
1676,7,31,-40,-24,32,17,-41,42,33 time: 0.01, learned: 183, props: 179864
1676,7,31,-40,-24,32,17,-41,42,-33 time: 0.01, learned: 186, props: 208062
1676,7,31,-40,-24,32,17,-41,-42,33 time: 0.01, learned: 187, props: 226051
1676,7,31,-40,-24,32,17,-41,-42,-33 time: 0.01, learned: 181, props: 210282
1676,7,31,-40,-24,32,-17,41,42,33 time: 0.04, learned: 1224, props: 1192680
1676,7,31,-40,-24,32,-17,41,42,-33 time: 0.03, learned: 862, props: 936117
1676,7,31,-40,-24,32,-17,41,-42,33 time: 0.05, learned: 1078, props: 1332766
1676,7,31,-40,-24,32,-17,41,-42,-33 time: 0.04, learned: 925, props: 1024925
1676,7,31,-40,-24,32,-17,-41,42,33 time: 0.03, learned: 718, props: 791569
1676,7,31,-40,-24,32,-17,-41,42,-33 time: 0.03, learned: 722, props: 813968
1676,7,31,-40,-24,32,-17,-41,-42,33 time: 0.04, learned: 1004, props: 1136629
1676,7,31,-40,-24,32,-17,-41,-42,-33 time: 0.03, learned: 788, props: 771323
1676,7,31,-40,-24,-32,17,41,42,33 time: 0.01, learned: 185, props: 158758
1676,7,31,-40,-24,-32,17,41,42,-33 time: 0.01, learned: 255, props: 264875
1676,7,31,-40,-24,-32,17,41,-42,33 time: 0.01, learned: 135, props: 134893
1676,7,31,-40,-24,-32,17,41,-42,-33 time: 0.01, learned: 107, props: 119547
1676,7,31,-40,-24,-32,17,-41,42,33 time: 0.01, learned: 117, props: 115270
1676,7,31,-40,-24,-32,17,-41,42,-33 time: 0.01, learned: 136, props: 143550
1676,7,31,-40,-24,-32,17,-41,-42,33 time: 0.01, learned: 188, props: 166702
1676,7,31,-40,-24,-32,17,-41,-42,-33 time: 0.01, learned: 198, props: 199422
1676,7,31,-40,-24,-32,-17,41,42,33 time: 0.05, learned: 1200, props: 1409219
1676,7,31,-40,-24,-32,-17,41,42,-33 time: 0.04, learned: 1050, props: 1247659
1676,7,31,-40,-24,-32,-17,41,-42,33 time: 0.05, learned: 1065, props: 1339727
1676,7,31,-40,-24,-32,-17,41,-42,-33 time: 0.04, learned: 1071, props: 1179893
1676,7,31,-40,-24,-32,-17,-41,42,33 time: 0.05, learned: 1116, props: 1354810
1676,7,31,-40,-24,-32,-17,-41,42,-33 time: 0.05, learned: 1084, props: 1310802
1676,7,31,-40,-24,-32,-17,-41,-42,33 time: 0.04, learned: 911, props: 992012
1676,7,31,-40,-24,-32,-17,-41,-42,-33 time: 0.03, learned: 849, props: 760935
1676,7,-31,40,24,32,17,41,42,33 time: 0.01, learned: 149, props: 98314
1676,7,-31,40,24,32,17,41,42,-33 time: 0.01, learned: 117, props: 109072
1676,7,-31,40,24,32,17,41,-42,33 time: 0.01, learned: 113, props: 96951
1676,7,-31,40,24,32,17,41,-42,-33 time: 0.01, learned: 198, props: 203878
1676,7,-31,40,24,32,17,-41,42,33 time: 0.01, learned: 98, props: 111186
1676,7,-31,40,24,32,17,-41,42,-33 time: 0.01, learned: 160, props: 124145
1676,7,-31,40,24,32,17,-41,-42,33 time: 0.01, learned: 191, props: 182833
1676,7,-31,40,24,32,17,-41,-42,-33 time: 0.01, learned: 140, props: 131165
1676,7,-31,40,24,32,-17,41,42,33 time: 0.04, learned: 1088, props: 1207601
1676,7,-31,40,24,32,-17,41,42,-33 time: 0.05, learned: 1134, props: 1296410
1676,7,-31,40,24,32,-17,41,-42,33 time: 0.03, learned: 857, props: 943754
1676,7,-31,40,24,32,-17,41,-42,-33 time: 0.04, learned: 940, props: 1031542
1676,7,-31,40,24,32,-17,-41,42,33 time: 0.04, learned: 933, props: 1034761
1676,7,-31,40,24,32,-17,-41,42,-33 time: 0.06, learned: 1318, props: 1742198
1676,7,-31,40,24,32,-17,-41,-42,33 time: 0.04, learned: 967, props: 1052345
1676,7,-31,40,24,32,-17,-41,-42,-33 time: 0.05, learned: 1084, props: 1262337
1676,7,-31,40,24,-32,17,41,42,33 time: 0.01, learned: 156, props: 97216
1676,7,-31,40,24,-32,17,41,42,-33 time: 0.01, learned: 159, props: 154260
1676,7,-31,40,24,-32,17,41,-42,33 time: 0.01, learned: 162, props: 148563
1676,7,-31,40,24,-32,17,41,-42,-33 time: 0.01, learned: 140, props: 168995
1676,7,-31,40,24,-32,17,-41,42,33 time: 0.01, learned: 136, props: 144726
1676,7,-31,40,24,-32,17,-41,42,-33 time: 0.01, learned: 105, props: 131991
1676,7,-31,40,24,-32,17,-41,-42,33 time: 0.01, learned: 99, props: 101519
1676,7,-31,40,24,-32,17,-41,-42,-33 time: 0.01, learned: 234, props: 216109
1676,7,-31,40,24,-32,-17,41,42,33 time: 0.05, learned: 1123, props: 1403834
1676,7,-31,40,24,-32,-17,41,42,-33 time: 0.05, learned: 1052, props: 1410527
1676,7,-31,40,24,-32,-17,41,-42,33 time: 0.05, learned: 1009, props: 1251678
1676,7,-31,40,24,-32,-17,41,-42,-33 time: 0.04, learned: 969, props: 916184
1676,7,-31,40,24,-32,-17,-41,42,33 time: 0.04, learned: 1043, props: 1135583
1676,7,-31,40,24,-32,-17,-41,42,-33 time: 0.05, learned: 1084, props: 1304270
1676,7,-31,40,24,-32,-17,-41,-42,33 time: 0.04, learned: 938, props: 1060374
1676,7,-31,40,24,-32,-17,-41,-42,-33 time: 0.04, learned: 1019, props: 1041228
1676,7,-31,40,-24,32,17,41,42,33 time: 0.01, learned: 205, props: 190158
1676,7,-31,40,-24,32,17,41,42,-33 time: 0.01, learned: 190, props: 159865
1676,7,-31,40,-24,32,17,41,-42,33 time: 0.01, learned: 293, props: 288772
1676,7,-31,40,-24,32,17,41,-42,-33 time: 0.01, learned: 154, props: 141586
1676,7,-31,40,-24,32,17,-41,42,33 time: 0.01, learned: 230, props: 238017
1676,7,-31,40,-24,32,17,-41,42,-33 time: 0.01, learned: 273, props: 301260
1676,7,-31,40,-24,32,17,-41,-42,33 time: 0.01, learned: 216, props: 247623
1676,7,-31,40,-24,32,17,-41,-42,-33 time: 0.01, learned: 218, props: 223700
1676,7,-31,40,-24,32,-17,41,42,33 time: 0.08, learned: 1679, props: 2250579
1676,7,-31,40,-24,32,-17,41,42,-33 time: 0.07, learned: 1464, props: 1788819
1676,7,-31,40,-24,32,-17,41,-42,33 time: 0.06, learned: 1376, props: 1676731
1676,7,-31,40,-24,32,-17,41,-42,-33 time: 0.05, learned: 1127, props: 1197340
1676,7,-31,40,-24,32,-17,-41,42,33 time: 0.05, learned: 1307, props: 1492422
1676,7,-31,40,-24,32,-17,-41,42,-33 time: 0.05, learned: 1244, props: 1299899
1676,7,-31,40,-24,32,-17,-41,-42,33 time: 0.05, learned: 1040, props: 1256002
1676,7,-31,40,-24,32,-17,-41,-42,-33 time: 0.05, learned: 1220, props: 1433673
1676,7,-31,40,-24,-32,17,41,42,33 time: 0.01, learned: 227, props: 267932
1676,7,-31,40,-24,-32,17,41,42,-33 time: 0.01, learned: 200, props: 217401
1676,7,-31,40,-24,-32,17,41,-42,33 time: 0.01, learned: 212, props: 223330
1676,7,-31,40,-24,-32,17,41,-42,-33 time: 0.01, learned: 232, props: 246598
1676,7,-31,40,-24,-32,17,-41,42,33 time: 0.01, learned: 164, props: 196859
1676,7,-31,40,-24,-32,17,-41,42,-33 time: 0.01, learned: 227, props: 282123
1676,7,-31,40,-24,-32,17,-41,-42,33 time: 0.01, learned: 188, props: 218917
1676,7,-31,40,-24,-32,17,-41,-42,-33 time: 0.01, learned: 159, props: 182756
1676,7,-31,40,-24,-32,-17,41,42,33 time: 0.08, learned: 1599, props: 2063044
1676,7,-31,40,-24,-32,-17,41,42,-33 time: 0.07, learned: 1433, props: 1934576
1676,7,-31,40,-24,-32,-17,41,-42,33 time: 0.05, learned: 1138, props: 1289370
1676,7,-31,40,-24,-32,-17,41,-42,-33 time: 0.05, learned: 1352, props: 1481347
1676,7,-31,40,-24,-32,-17,-41,42,33 time: 0.05, learned: 1084, props: 1452834
1676,7,-31,40,-24,-32,-17,-41,42,-33 time: 0.05, learned: 1037, props: 1297106
1676,7,-31,40,-24,-32,-17,-41,-42,33 time: 0.05, learned: 1056, props: 1311101
1676,7,-31,40,-24,-32,-17,-41,-42,-33 time: 0.05, learned: 1016, props: 1244431
1676,7,-31,-40,24,32,17,41,42,33 time: 0.01, learned: 107, props: 86372
1676,7,-31,-40,24,32,17,41,42,-33 time: 0.01, learned: 126, props: 141773
1676,7,-31,-40,24,32,17,41,-42,33 time: 0.01, learned: 137, props: 87111
1676,7,-31,-40,24,32,17,41,-42,-33 time: 0.01, learned: 163, props: 164568
1676,7,-31,-40,24,32,17,-41,42,33 time: 0.01, learned: 101, props: 129745
1676,7,-31,-40,24,32,17,-41,42,-33 time: 0.01, learned: 213, props: 189181
1676,7,-31,-40,24,32,17,-41,-42,33 time: 0.01, learned: 159, props: 146453
1676,7,-31,-40,24,32,17,-41,-42,-33 time: 0.01, learned: 163, props: 205473
1676,7,-31,-40,24,32,-17,41,42,33 time: 0.05, learned: 1120, props: 1231509
1676,7,-31,-40,24,32,-17,41,42,-33 time: 0.04, learned: 933, props: 952099
1676,7,-31,-40,24,32,-17,41,-42,33 time: 0.03, learned: 852, props: 977014
1676,7,-31,-40,24,32,-17,41,-42,-33 time: 0.03, learned: 716, props: 768739
1676,7,-31,-40,24,32,-17,-41,42,33 time: 0.03, learned: 651, props: 805510
1676,7,-31,-40,24,32,-17,-41,42,-33 time: 0.05, learned: 1189, props: 1296386
1676,7,-31,-40,24,32,-17,-41,-42,33 time: 0.03, learned: 721, props: 801385
1676,7,-31,-40,24,32,-17,-41,-42,-33 time: 0.04, learned: 943, props: 974290
1676,7,-31,-40,24,-32,17,41,42,33 time: 0.01, learned: 138, props: 135426
1676,7,-31,-40,24,-32,17,41,42,-33 time: 0.01, learned: 168, props: 184063
1676,7,-31,-40,24,-32,17,41,-42,33 time: 0.01, learned: 184, props: 138012
1676,7,-31,-40,24,-32,17,41,-42,-33 time: 0.01, learned: 169, props: 173111
1676,7,-31,-40,24,-32,17,-41,42,33 time: 0.01, learned: 118, props: 84106
1676,7,-31,-40,24,-32,17,-41,42,-33 time: 0.01, learned: 196, props: 191533
1676,7,-31,-40,24,-32,17,-41,-42,33 time: 0.01, learned: 213, props: 220373
1676,7,-31,-40,24,-32,17,-41,-42,-33 time: 0.01, learned: 151, props: 149275
1676,7,-31,-40,24,-32,-17,41,42,33 time: 0.05, learned: 1143, props: 1403250
1676,7,-31,-40,24,-32,-17,41,42,-33 time: 0.06, learned: 1389, props: 1709483
1676,7,-31,-40,24,-32,-17,41,-42,33 time: 0.05, learned: 1073, props: 1330289
1676,7,-31,-40,24,-32,-17,41,-42,-33 time: 0.04, learned: 990, props: 1067117
1676,7,-31,-40,24,-32,-17,-41,42,33 time: 0.03, learned: 872, props: 906494
1676,7,-31,-40,24,-32,-17,-41,42,-33 time: 0.04, learned: 956, props: 1053680
1676,7,-31,-40,24,-32,-17,-41,-42,33 time: 0.03, learned: 790, props: 906430
1676,7,-31,-40,24,-32,-17,-41,-42,-33 time: 0.04, learned: 984, props: 918118
1676,7,-31,-40,-24,32,17,41,42,33 time: 0.01, learned: 99, props: 104464
1676,7,-31,-40,-24,32,17,41,42,-33 time: 0.01, learned: 207, props: 209160
1676,7,-31,-40,-24,32,17,41,-42,33 time: 0.01, learned: 198, props: 226031
1676,7,-31,-40,-24,32,17,41,-42,-33 time: 0.01, learned: 254, props: 256601
1676,7,-31,-40,-24,32,17,-41,42,33 time: 0.01, learned: 138, props: 166140
1676,7,-31,-40,-24,32,17,-41,42,-33 time: 0.01, learned: 222, props: 253299
1676,7,-31,-40,-24,32,17,-41,-42,33 time: 0.01, learned: 168, props: 226286
1676,7,-31,-40,-24,32,17,-41,-42,-33 time: 0.01, learned: 181, props: 199879
1676,7,-31,-40,-24,32,-17,41,42,33 time: 0.07, learned: 1408, props: 1843144
1676,7,-31,-40,-24,32,-17,41,42,-33 time: 0.05, learned: 1054, props: 1224428
1676,7,-31,-40,-24,32,-17,41,-42,33 time: 0.05, learned: 1174, props: 1365290
1676,7,-31,-40,-24,32,-17,41,-42,-33 time: 0.05, learned: 1192, props: 1191042
1676,7,-31,-40,-24,32,-17,-41,42,33 time: 0.04, learned: 1025, props: 901157
1676,7,-31,-40,-24,32,-17,-41,42,-33 time: 0.05, learned: 1075, props: 1290426
1676,7,-31,-40,-24,32,-17,-41,-42,33 time: 0.03, learned: 641, props: 756411
1676,7,-31,-40,-24,32,-17,-41,-42,-33 time: 0.05, learned: 1084, props: 1361261
1676,7,-31,-40,-24,-32,17,41,42,33 time: 0.01, learned: 318, props: 226685
1676,7,-31,-40,-24,-32,17,41,42,-33 time: 0.01, learned: 178, props: 182916
1676,7,-31,-40,-24,-32,17,41,-42,33 time: 0.01, learned: 146, props: 120558
1676,7,-31,-40,-24,-32,17,41,-42,-33 time: 0.01, learned: 240, props: 175633
1676,7,-31,-40,-24,-32,17,-41,42,33 time: 0.01, learned: 157, props: 142341
1676,7,-31,-40,-24,-32,17,-41,42,-33 time: 0.01, learned: 241, props: 273041
1676,7,-31,-40,-24,-32,17,-41,-42,33 time: 0.01, learned: 242, props: 268704
1676,7,-31,-40,-24,-32,17,-41,-42,-33 time: 0.01, learned: 241, props: 247068
1676,7,-31,-40,-24,-32,-17,41,42,33 time: 0.07, learned: 1504, props: 1792040
1676,7,-31,-40,-24,-32,-17,41,42,-33 time: 0.06, learned: 1272, props: 1639120
1676,7,-31,-40,-24,-32,-17,41,-42,33 time: 0.05, learned: 1227, props: 1426976
1676,7,-31,-40,-24,-32,-17,41,-42,-33 time: 0.04, learned: 1090, props: 1170606
1676,7,-31,-40,-24,-32,-17,-41,42,33 time: 0.04, learned: 987, props: 986609
1676,7,-31,-40,-24,-32,-17,-41,42,-33 time: 0.05, learned: 1252, props: 1335770
1676,7,-31,-40,-24,-32,-17,-41,-42,33 time: 0.03, learned: 675, props: 748350
1676,7,-31,-40,-24,-32,-17,-41,-42,-33 time: 0.03, learned: 871, props: 938464
1676,-7,31,40,24,32,17,41,42,33 time: 0.03, learned: 871, props: 938465
1676,-7,31,40,24,32,17,41,42,-33 time: 0.03, learned: 675, props: 748346
1676,-7,31,40,24,32,17,41,-42,33 time: 0.05, learned: 1263, props: 1333165
1676,-7,31,40,24,32,17,41,-42,-33 time: 0.04, learned: 987, props: 986610
1676,-7,31,40,24,32,17,-41,42,33 time: 0.04, learned: 1112, props: 1168440
1676,-7,31,40,24,32,17,-41,42,-33 time: 0.06, learned: 1214, props: 1556842
1676,-7,31,40,24,32,17,-41,-42,33 time: 0.06, learned: 1286, props: 1695692
1676,-7,31,40,24,32,17,-41,-42,-33 time: 0.08, learned: 1753, props: 2062668
1676,-7,31,40,24,32,-17,41,42,33 time: 0.01, learned: 241, props: 247068
1676,-7,31,40,24,32,-17,41,42,-33 time: 0.01, learned: 242, props: 268704
1676,-7,31,40,24,32,-17,41,-42,33 time: 0.01, learned: 219, props: 226919
1676,-7,31,40,24,32,-17,41,-42,-33 time: 0.01, learned: 157, props: 142341
1676,-7,31,40,24,32,-17,-41,42,33 time: 0.01, learned: 240, props: 175634
1676,-7,31,40,24,32,-17,-41,42,-33 time: 0.01, learned: 146, props: 120557
1676,-7,31,40,24,32,-17,-41,-42,33 time: 0.01, learned: 249, props: 265628
1676,-7,31,40,24,32,-17,-41,-42,-33 time: 0.01, learned: 318, props: 226685
1676,-7,31,40,24,-32,17,41,42,33 time: 0.05, learned: 1075, props: 1356832
1676,-7,31,40,24,-32,17,41,42,-33 time: 0.03, learned: 641, props: 756409
1676,-7,31,40,24,-32,17,41,-42,33 time: 0.05, learned: 1101, props: 1291169
1676,-7,31,40,24,-32,17,41,-42,-33 time: 0.05, learned: 1154, props: 1277458
1676,-7,31,40,24,-32,17,-41,42,33 time: 0.05, learned: 1260, props: 1236295
1676,-7,31,40,24,-32,17,-41,42,-33 time: 0.06, learned: 1390, props: 1497679
1676,-7,31,40,24,-32,17,-41,-42,33 time: 0.05, learned: 1091, props: 1267409
1676,-7,31,40,24,-32,17,-41,-42,-33 time: 0.07, learned: 1458, props: 1880730
1676,-7,31,40,24,-32,-17,41,42,33 time: 0.01, learned: 181, props: 199879
1676,-7,31,40,24,-32,-17,41,42,-33 time: 0.01, learned: 168, props: 226286
1676,-7,31,40,24,-32,-17,41,-42,33 time: 0.01, learned: 222, props: 253300
1676,-7,31,40,24,-32,-17,41,-42,-33 time: 0.01, learned: 138, props: 166138
1676,-7,31,40,24,-32,-17,-41,42,33 time: 0.01, learned: 254, props: 256599
1676,-7,31,40,24,-32,-17,-41,42,-33 time: 0.01, learned: 198, props: 226031
1676,-7,31,40,24,-32,-17,-41,-42,33 time: 0.01, learned: 207, props: 209160
1676,-7,31,40,24,-32,-17,-41,-42,-33 time: 0.01, learned: 99, props: 104464
1676,-7,31,40,-24,32,17,41,42,33 time: 0.04, learned: 875, props: 980398
1676,-7,31,40,-24,32,17,41,42,-33 time: 0.03, learned: 790, props: 906430
1676,-7,31,40,-24,32,17,41,-42,33 time: 0.04, learned: 956, props: 1053685
1676,-7,31,40,-24,32,17,41,-42,-33 time: 0.03, learned: 872, props: 906500
1676,-7,31,40,-24,32,17,-41,42,33 time: 0.04, learned: 987, props: 1066283
1676,-7,31,40,-24,32,17,-41,42,-33 time: 0.05, learned: 1073, props: 1330289
1676,-7,31,40,-24,32,17,-41,-42,33 time: 0.06, learned: 1376, props: 1731440
1676,-7,31,40,-24,32,17,-41,-42,-33 time: 0.05, learned: 1134, props: 1415923
1676,-7,31,40,-24,32,-17,41,42,33 time: 0.01, learned: 151, props: 149274
1676,-7,31,40,-24,32,-17,41,42,-33 time: 0.01, learned: 213, props: 220370
1676,-7,31,40,-24,32,-17,41,-42,33 time: 0.01, learned: 196, props: 191535
1676,-7,31,40,-24,32,-17,41,-42,-33 time: 0.01, learned: 118, props: 84106
1676,-7,31,40,-24,32,-17,-41,42,33 time: 0.01, learned: 169, props: 173111
1676,-7,31,40,-24,32,-17,-41,42,-33 time: 0.01, learned: 184, props: 138011
1676,-7,31,40,-24,32,-17,-41,-42,33 time: 0.01, learned: 168, props: 184061
1676,-7,31,40,-24,32,-17,-41,-42,-33 time: 0.01, learned: 138, props: 135426
1676,-7,31,40,-24,-32,17,41,42,33 time: 0.04, learned: 943, props: 974290
1676,-7,31,40,-24,-32,17,41,42,-33 time: 0.03, learned: 721, props: 801385
1676,-7,31,40,-24,-32,17,41,-42,33 time: 0.04, learned: 1161, props: 1252328
1676,-7,31,40,-24,-32,17,41,-42,-33 time: 0.03, learned: 651, props: 805510
1676,-7,31,40,-24,-32,17,-41,42,33 time: 0.03, learned: 716, props: 768739
1676,-7,31,40,-24,-32,17,-41,42,-33 time: 0.03, learned: 852, props: 977014
1676,-7,31,40,-24,-32,17,-41,-42,33 time: 0.04, learned: 933, props: 952098
1676,-7,31,40,-24,-32,17,-41,-42,-33 time: 0.05, learned: 1145, props: 1271832
1676,-7,31,40,-24,-32,-17,41,42,33 time: 0.01, learned: 163, props: 205476
1676,-7,31,40,-24,-32,-17,41,42,-33 time: 0.01, learned: 159, props: 146453
1676,-7,31,40,-24,-32,-17,41,-42,33 time: 0.01, learned: 213, props: 189181
1676,-7,31,40,-24,-32,-17,41,-42,-33 time: 0.01, learned: 101, props: 129745
1676,-7,31,40,-24,-32,-17,-41,42,33 time: 0.01, learned: 163, props: 164568
1676,-7,31,40,-24,-32,-17,-41,42,-33 time: 0.01, learned: 137, props: 87111
1676,-7,31,40,-24,-32,-17,-41,-42,33 time: 0.01, learned: 126, props: 141774
1676,-7,31,40,-24,-32,-17,-41,-42,-33 time: 0.01, learned: 107, props: 86372
1676,-7,31,-40,24,32,17,41,42,33 time: 0.04, learned: 1020, props: 1248284
1676,-7,31,-40,24,32,17,41,42,-33 time: 0.03, learned: 908, props: 870842
1676,-7,31,-40,24,32,17,41,-42,33 time: 0.05, learned: 1066, props: 1287899
1676,-7,31,-40,24,32,17,41,-42,-33 time: 0.05, learned: 1105, props: 1480809
1676,-7,31,-40,24,32,17,-41,42,33 time: 0.06, learned: 1501, props: 1597822
1676,-7,31,-40,24,32,17,-41,42,-33 time: 0.06, learned: 1305, props: 1490483
1676,-7,31,-40,24,32,17,-41,-42,33 time: 0.07, learned: 1436, props: 1951141
1676,-7,31,-40,24,32,17,-41,-42,-33 time: 0.08, learned: 1768, props: 2129764
1676,-7,31,-40,24,32,-17,41,42,33 time: 0.01, learned: 151, props: 188136
1676,-7,31,-40,24,32,-17,41,42,-33 time: 0.01, learned: 188, props: 218916
1676,-7,31,-40,24,32,-17,41,-42,33 time: 0.01, learned: 194, props: 237812
1676,-7,31,-40,24,32,-17,41,-42,-33 time: 0.01, learned: 170, props: 184486
1676,-7,31,-40,24,32,-17,-41,42,33 time: 0.01, learned: 232, props: 246600
1676,-7,31,-40,24,32,-17,-41,42,-33 time: 0.01, learned: 212, props: 223330
1676,-7,31,-40,24,32,-17,-41,-42,33 time: 0.01, learned: 200, props: 217401
1676,-7,31,-40,24,32,-17,-41,-42,-33 time: 0.01, learned: 227, props: 267932
1676,-7,31,-40,24,-32,17,41,42,33 time: 0.05, learned: 1237, props: 1442919
1676,-7,31,-40,24,-32,17,41,42,-33 time: 0.04, learned: 1052, props: 1267984
1676,-7,31,-40,24,-32,17,41,-42,33 time: 0.05, learned: 1222, props: 1298425
1676,-7,31,-40,24,-32,17,41,-42,-33 time: 0.07, learned: 1581, props: 1870223
1676,-7,31,-40,24,-32,17,-41,42,33 time: 0.05, learned: 1101, props: 1338829
1676,-7,31,-40,24,-32,17,-41,42,-33 time: 0.07, learned: 1447, props: 1703760
1676,-7,31,-40,24,-32,17,-41,-42,33 time: 0.07, learned: 1501, props: 1784014
1676,-7,31,-40,24,-32,17,-41,-42,-33 time: 0.11, learned: 2178, props: 2987889
1676,-7,31,-40,24,-32,-17,41,42,33 time: 0.01, learned: 218, props: 223685
1676,-7,31,-40,24,-32,-17,41,42,-33 time: 0.01, learned: 216, props: 247624
1676,-7,31,-40,24,-32,-17,41,-42,33 time: 0.01, learned: 273, props: 301260
1676,-7,31,-40,24,-32,-17,41,-42,-33 time: 0.01, learned: 230, props: 238017
1676,-7,31,-40,24,-32,-17,-41,42,33 time: 0.01, learned: 154, props: 141586
1676,-7,31,-40,24,-32,-17,-41,42,-33 time: 0.01, learned: 293, props: 288771
1676,-7,31,-40,24,-32,-17,-41,-42,33 time: 0.01, learned: 190, props: 159865
1676,-7,31,-40,24,-32,-17,-41,-42,-33 time: 0.01, learned: 205, props: 190156
1676,-7,31,-40,-24,32,17,41,42,33 time: 0.04, learned: 1011, props: 1043215
1676,-7,31,-40,-24,32,17,41,42,-33 time: 0.03, learned: 748, props: 931538
1676,-7,31,-40,-24,32,17,41,-42,33 time: 0.03, learned: 666, props: 706212
1676,-7,31,-40,-24,32,17,41,-42,-33 time: 0.04, learned: 1015, props: 1121008
1676,-7,31,-40,-24,32,17,-41,42,33 time: 0.03, learned: 969, props: 916187
1676,-7,31,-40,-24,32,17,-41,42,-33 time: 0.05, learned: 1025, props: 1275394
1676,-7,31,-40,-24,32,17,-41,-42,33 time: 0.03, learned: 769, props: 826221
1676,-7,31,-40,-24,32,17,-41,-42,-33 time: 0.05, learned: 1141, props: 1401017
1676,-7,31,-40,-24,32,-17,41,42,33 time: 0.01, learned: 234, props: 216109
1676,-7,31,-40,-24,32,-17,41,42,-33 time: 0.01, learned: 99, props: 101519
1676,-7,31,-40,-24,32,-17,41,-42,33 time: 0.01, learned: 105, props: 131991
1676,-7,31,-40,-24,32,-17,41,-42,-33 time: 0.01, learned: 136, props: 144723
1676,-7,31,-40,-24,32,-17,-41,42,33 time: 0.01, learned: 140, props: 168995
1676,-7,31,-40,-24,32,-17,-41,42,-33 time: 0.01, learned: 162, props: 148563
1676,-7,31,-40,-24,32,-17,-41,-42,33 time: 0.01, learned: 159, props: 154260
1676,-7,31,-40,-24,32,-17,-41,-42,-33 time: 0.01, learned: 156, props: 97216
1676,-7,31,-40,-24,-32,17,41,42,33 time: 0.04, learned: 1078, props: 1251092
1676,-7,31,-40,-24,-32,17,41,42,-33 time: 0.04, learned: 1032, props: 953928
1676,-7,31,-40,-24,-32,17,41,-42,33 time: 0.06, learned: 1425, props: 1717532
1676,-7,31,-40,-24,-32,17,41,-42,-33 time: 0.04, learned: 933, props: 1034761
1676,-7,31,-40,-24,-32,17,-41,42,33 time: 0.04, learned: 940, props: 1031544
1676,-7,31,-40,-24,-32,17,-41,42,-33 time: 0.04, learned: 1040, props: 1191744
1676,-7,31,-40,-24,-32,17,-41,-42,33 time: 0.05, learned: 1151, props: 1344481
1676,-7,31,-40,-24,-32,17,-41,-42,-33 time: 0.04, learned: 973, props: 1089674
1676,-7,31,-40,-24,-32,-17,41,42,33 time: 0.01, learned: 140, props: 131165
1676,-7,31,-40,-24,-32,-17,41,42,-33 time: 0.01, learned: 191, props: 182833
1676,-7,31,-40,-24,-32,-17,41,-42,33 time: 0.01, learned: 160, props: 124145
1676,-7,31,-40,-24,-32,-17,41,-42,-33 time: 0.01, learned: 98, props: 111186
1676,-7,31,-40,-24,-32,-17,-41,42,33 time: 0.01, learned: 198, props: 203878
1676,-7,31,-40,-24,-32,-17,-41,42,-33 time: 0.01, learned: 113, props: 96951
1676,-7,31,-40,-24,-32,-17,-41,-42,33 time: 0.01, learned: 117, props: 109072
1676,-7,31,-40,-24,-32,-17,-41,-42,-33 time: 0.01, learned: 149, props: 98315
1676,-7,-31,40,24,32,17,41,42,33 time: 0.03, learned: 849, props: 760935
1676,-7,-31,40,24,32,17,41,42,-33 time: 0.04, learned: 911, props: 992010
1676,-7,-31,40,24,32,17,41,-42,33 time: 0.05, learned: 1055, props: 1293864
1676,-7,-31,40,24,32,17,41,-42,-33 time: 0.05, learned: 1141, props: 1400638
1676,-7,-31,40,24,32,17,-41,42,33 time: 0.04, learned: 1099, props: 1204300
1676,-7,-31,40,24,32,17,-41,42,-33 time: 0.04, learned: 954, props: 945743
1676,-7,-31,40,24,32,17,-41,-42,33 time: 0.05, learned: 1042, props: 1255963
1676,-7,-31,40,24,32,17,-41,-42,-33 time: 0.05, learned: 1189, props: 1388075
1676,-7,-31,40,24,32,-17,41,42,33 time: 0.01, learned: 198, props: 199422
1676,-7,-31,40,24,32,-17,41,42,-33 time: 0.01, learned: 188, props: 166703
1676,-7,-31,40,24,32,-17,41,-42,33 time: 0.01, learned: 136, props: 143549
1676,-7,-31,40,24,32,-17,41,-42,-33 time: 0.01, learned: 117, props: 115270
1676,-7,-31,40,24,32,-17,-41,42,33 time: 0.01, learned: 107, props: 119547
1676,-7,-31,40,24,32,-17,-41,42,-33 time: 0.01, learned: 135, props: 134901
1676,-7,-31,40,24,32,-17,-41,-42,33 time: 0.01, learned: 255, props: 264875
1676,-7,-31,40,24,32,-17,-41,-42,-33 time: 0.01, learned: 185, props: 158758
1676,-7,-31,40,24,-32,17,41,42,33 time: 0.03, learned: 788, props: 771321
1676,-7,-31,40,24,-32,17,41,42,-33 time: 0.04, learned: 1020, props: 1135297
1676,-7,-31,40,24,-32,17,41,-42,33 time: 0.03, learned: 722, props: 813963
1676,-7,-31,40,24,-32,17,41,-42,-33 time: 0.03, learned: 718, props: 791567
1676,-7,-31,40,24,-32,17,-41,42,33 time: 0.04, learned: 925, props: 1024926
1676,-7,-31,40,24,-32,17,-41,42,-33 time: 0.04, learned: 1026, props: 1237543
1676,-7,-31,40,24,-32,17,-41,-42,33 time: 0.03, learned: 862, props: 936117
1676,-7,-31,40,24,-32,17,-41,-42,-33 time: 0.05, learned: 1164, props: 1511271
1676,-7,-31,40,24,-32,-17,41,42,33 time: 0.01, learned: 181, props: 210282
1676,-7,-31,40,24,-32,-17,41,42,-33 time: 0.01, learned: 187, props: 226051
1676,-7,-31,40,24,-32,-17,41,-42,33 time: 0.01, learned: 186, props: 208062
1676,-7,-31,40,24,-32,-17,41,-42,-33 time: 0.01, learned: 183, props: 179858
1676,-7,-31,40,24,-32,-17,-41,42,33 time: 0.01, learned: 147, props: 157118
1676,-7,-31,40,24,-32,-17,-41,42,-33 time: 0.01, learned: 167, props: 149855
1676,-7,-31,40,24,-32,-17,-41,-42,33 time: 0.01, learned: 107, props: 75632
1676,-7,-31,40,24,-32,-17,-41,-42,-33 time: 0.01, learned: 139, props: 114551
1676,-7,-31,40,-24,32,17,41,42,33 time: 0.05, learned: 1195, props: 1103228
1676,-7,-31,40,-24,32,17,41,42,-33 time: 0.04, learned: 886, props: 1019437
1676,-7,-31,40,-24,32,17,41,-42,33 time: 0.05, learned: 1037, props: 1288103
1676,-7,-31,40,-24,32,17,41,-42,-33 time: 0.04, learned: 995, props: 1071813
1676,-7,-31,40,-24,32,17,-41,42,33 time: 0.03, learned: 791, props: 863756
1676,-7,-31,40,-24,32,17,-41,42,-33 time: 0.04, learned: 914, props: 1121473
1676,-7,-31,40,-24,32,17,-41,-42,33 time: 0.04, learned: 921, props: 1136388
1676,-7,-31,40,-24,32,17,-41,-42,-33 time: 0.04, learned: 899, props: 969957
1676,-7,-31,40,-24,32,-17,41,42,33 time: 0.01, learned: 258, props: 250892
1676,-7,-31,40,-24,32,-17,41,42,-33 time: 0.01, learned: 205, props: 181527
1676,-7,-31,40,-24,32,-17,41,-42,33 time: 0.01, learned: 246, props: 246130
1676,-7,-31,40,-24,32,-17,41,-42,-33 time: 0.01, learned: 132, props: 104262
1676,-7,-31,40,-24,32,-17,-41,42,33 time: 0.01, learned: 120, props: 99500
1676,-7,-31,40,-24,32,-17,-41,42,-33 time: 0.01, learned: 298, props: 251001
1676,-7,-31,40,-24,32,-17,-41,-42,33 time: 0.01, learned: 174, props: 201172
1676,-7,-31,40,-24,32,-17,-41,-42,-33 time: 0.01, learned: 189, props: 206401
1676,-7,-31,40,-24,-32,17,41,42,33 time: 0.05, learned: 1034, props: 1234160
1676,-7,-31,40,-24,-32,17,41,42,-33 time: 0.05, learned: 1174, props: 1228317
1676,-7,-31,40,-24,-32,17,41,-42,33 time: 0.03, learned: 747, props: 934018
1676,-7,-31,40,-24,-32,17,41,-42,-33 time: 0.04, learned: 1200, props: 1125700
1676,-7,-31,40,-24,-32,17,-41,42,33 time: 0.03, learned: 869, props: 892305
1676,-7,-31,40,-24,-32,17,-41,42,-33 time: 0.04, learned: 1057, props: 1099645
1676,-7,-31,40,-24,-32,17,-41,-42,33 time: 0.05, learned: 1126, props: 1208979
1676,-7,-31,40,-24,-32,17,-41,-42,-33 time: 0.03, learned: 838, props: 990670
1676,-7,-31,40,-24,-32,-17,41,42,33 time: 0.01, learned: 198, props: 210792
1676,-7,-31,40,-24,-32,-17,41,42,-33 time: 0.01, learned: 172, props: 197348
1676,-7,-31,40,-24,-32,-17,41,-42,33 time: 0.01, learned: 193, props: 201166
1676,-7,-31,40,-24,-32,-17,41,-42,-33 time: 0.01, learned: 113, props: 134566
1676,-7,-31,40,-24,-32,-17,-41,42,33 time: 0.01, learned: 135, props: 146379
1676,-7,-31,40,-24,-32,-17,-41,42,-33 time: 0.01, learned: 139, props: 119128
1676,-7,-31,40,-24,-32,-17,-41,-42,33 time: 0.01, learned: 77, props: 102436
1676,-7,-31,40,-24,-32,-17,-41,-42,-33 time: 0.01, learned: 89, props: 94618
1676,-7,-31,-40,24,32,17,41,42,33 time: 0.04, learned: 865, props: 977272
1676,-7,-31,-40,24,32,17,41,42,-33 time: 0.04, learned: 976, props: 1074903
1676,-7,-31,-40,24,32,17,41,-42,33 time: 0.04, learned: 997, props: 1025823
1676,-7,-31,-40,24,32,17,41,-42,-33 time: 0.04, learned: 1034, props: 1064434
1676,-7,-31,-40,24,32,17,-41,42,33 time: 0.03, learned: 830, props: 911919
1676,-7,-31,-40,24,32,17,-41,42,-33 time: 0.04, learned: 946, props: 1074376
1676,-7,-31,-40,24,32,17,-41,-42,33 time: 0.06, learned: 1271, props: 1778479
1676,-7,-31,-40,24,32,17,-41,-42,-33 time: 0.06, learned: 1449, props: 1557743
1676,-7,-31,-40,24,32,-17,41,42,33 time: 0.01, learned: 126, props: 117291
1676,-7,-31,-40,24,32,-17,41,42,-33 time: 0.01, learned: 123, props: 119262
1676,-7,-31,-40,24,32,-17,41,-42,33 time: 0.01, learned: 190, props: 218030
1676,-7,-31,-40,24,32,-17,41,-42,-33 time: 0.01, learned: 128, props: 110578
1676,-7,-31,-40,24,32,-17,-41,42,33 time: 0.01, learned: 75, props: 90728
1676,-7,-31,-40,24,32,-17,-41,42,-33 time: 0.01, learned: 139, props: 111113
1676,-7,-31,-40,24,32,-17,-41,-42,33 time: 0.01, learned: 215, props: 226615
1676,-7,-31,-40,24,32,-17,-41,-42,-33 time: 0.01, learned: 171, props: 121735
1676,-7,-31,-40,24,-32,17,41,42,33 time: 0.04, learned: 990, props: 1034837
1676,-7,-31,-40,24,-32,17,41,42,-33 time: 0.05, learned: 1116, props: 1280481
1676,-7,-31,-40,24,-32,17,41,-42,33 time: 0.04, learned: 1027, props: 1201858
1676,-7,-31,-40,24,-32,17,41,-42,-33 time: 0.04, learned: 1103, props: 1188794
1676,-7,-31,-40,24,-32,17,-41,42,33 time: 0.04, learned: 932, props: 934516
1676,-7,-31,-40,24,-32,17,-41,42,-33 time: 0.04, learned: 1059, props: 1234810
1676,-7,-31,-40,24,-32,17,-41,-42,33 time: 0.05, learned: 1164, props: 1394305
1676,-7,-31,-40,24,-32,17,-41,-42,-33 time: 0.06, learned: 1386, props: 1758215
1676,-7,-31,-40,24,-32,-17,41,42,33 time: 0.01, learned: 169, props: 175296
1676,-7,-31,-40,24,-32,-17,41,42,-33 time: 0.01, learned: 229, props: 239394
1676,-7,-31,-40,24,-32,-17,41,-42,33 time: 0.01, learned: 185, props: 179141
1676,-7,-31,-40,24,-32,-17,41,-42,-33 time: 0.01, learned: 159, props: 157102
1676,-7,-31,-40,24,-32,-17,-41,42,33 time: 0.01, learned: 81, props: 70463
1676,-7,-31,-40,24,-32,-17,-41,42,-33 time: 0.01, learned: 162, props: 165032
1676,-7,-31,-40,24,-32,-17,-41,-42,33 time: 0.01, learned: 144, props: 140787
1676,-7,-31,-40,24,-32,-17,-41,-42,-33 time: 0.01, learned: 92, props: 62392
1676,-7,-31,-40,-24,32,17,41,42,33 time: 0.04, learned: 1070, props: 1095959
1676,-7,-31,-40,-24,32,17,41,42,-33 time: 0.04, learned: 973, props: 1198115
1676,-7,-31,-40,-24,32,17,41,-42,33 time: 0.03, learned: 842, props: 900588
1676,-7,-31,-40,-24,32,17,41,-42,-33 time: 0.03, learned: 651, props: 765592
1676,-7,-31,-40,-24,32,17,-41,42,33 time: 0.04, learned: 1028, props: 1037889
1676,-7,-31,-40,-24,32,17,-41,42,-33 time: 0.05, learned: 1076, props: 1218307
1676,-7,-31,-40,-24,32,17,-41,-42,33 time: 0.03, learned: 856, props: 854432
1676,-7,-31,-40,-24,32,17,-41,-42,-33 time: 0.03, learned: 763, props: 886176
1676,-7,-31,-40,-24,32,-17,41,42,33 time: 0.01, learned: 151, props: 175953
1676,-7,-31,-40,-24,32,-17,41,42,-33 time: 0.01, learned: 98, props: 131213
1676,-7,-31,-40,-24,32,-17,41,-42,33 time: 0.01, learned: 125, props: 100575
1676,-7,-31,-40,-24,32,-17,41,-42,-33 time: 0.01, learned: 143, props: 182250
1676,-7,-31,-40,-24,32,-17,-41,42,33 time: 0.01, learned: 105, props: 121024
1676,-7,-31,-40,-24,32,-17,-41,42,-33 time: 0.01, learned: 183, props: 134376
1676,-7,-31,-40,-24,32,-17,-41,-42,33 time: 0.01, learned: 91, props: 107295
1676,-7,-31,-40,-24,32,-17,-41,-42,-33 time: 0.01, learned: 100, props: 86481
1676,-7,-31,-40,-24,-32,17,41,42,33 time: 0.04, learned: 1071, props: 1018457
1676,-7,-31,-40,-24,-32,17,41,42,-33 time: 0.05, learned: 1054, props: 1398865
1676,-7,-31,-40,-24,-32,17,41,-42,33 time: 0.05, learned: 1086, props: 1275119
1676,-7,-31,-40,-24,-32,17,41,-42,-33 time: 0.03, learned: 787, props: 1032884
1676,-7,-31,-40,-24,-32,17,-41,42,33 time: 0.03, learned: 805, props: 922073
1676,-7,-31,-40,-24,-32,17,-41,42,-33 time: 0.03, learned: 842, props: 934279
1676,-7,-31,-40,-24,-32,17,-41,-42,33 time: 0.04, learned: 1200, props: 1230585
1676,-7,-31,-40,-24,-32,17,-41,-42,-33 time: 0.04, learned: 1058, props: 1239646
1676,-7,-31,-40,-24,-32,-17,41,42,33 time: 0.01, learned: 177, props: 189409
1676,-7,-31,-40,-24,-32,-17,41,42,-33 time: 0.01, learned: 148, props: 161640
1676,-7,-31,-40,-24,-32,-17,41,-42,33 time: 0.01, learned: 103, props: 69382
1676,-7,-31,-40,-24,-32,-17,41,-42,-33 time: 0.01, learned: 98, props: 102175
1676,-7,-31,-40,-24,-32,-17,-41,42,33 time: 0.01, learned: 133, props: 124004
1676,-7,-31,-40,-24,-32,-17,-41,42,-33 time: 0.01, learned: 134, props: 75882
1676,-7,-31,-40,-24,-32,-17,-41,-42,33 time: 0.01, learned: 86, props: 70806
1676,-7,-31,-40,-24,-32,-17,-41,-42,-33 time: 0.01, learned: 103, props: 56677
-1676,7,31,40,24,32,17,41,42,33 time: 0.05, learned: 1467, props: 1300202
-1676,7,31,40,24,32,17,41,42,-33 time: 0.03, learned: 907, props: 776345
-1676,7,31,40,24,32,17,41,-42,33 time: 0.05, learned: 1746, props: 1375523
-1676,7,31,40,24,32,17,41,-42,-33 time: 0.04, learned: 1287, props: 1000212
-1676,7,31,40,24,32,17,-41,42,33 time: 0.03, learned: 968, props: 793423
-1676,7,31,40,24,32,17,-41,42,-33 time: 0.02, learned: 789, props: 692086
-1676,7,31,40,24,32,17,-41,-42,33 time: 0.08, learned: 2107, props: 2212432
-1676,7,31,40,24,32,17,-41,-42,-33 time: 0.06, learned: 1622, props: 1626604
-1676,7,31,40,24,32,-17,41,42,33 time: 0.14, learned: 3456, props: 3207330
-1676,7,31,40,24,32,-17,41,42,-33 time: 0.05, learned: 1561, props: 1462683
-1676,7,31,40,24,32,-17,41,-42,33 time: 0.23, learned: 4942, props: 4451236
-1676,7,31,40,24,32,-17,41,-42,-33 time: 0.05, learned: 1516, props: 1390943
-1676,7,31,40,24,32,-17,-41,42,33 time: 0.08, learned: 2068, props: 2095888
-1676,7,31,40,24,32,-17,-41,42,-33 time: 0.05, learned: 1555, props: 1413939
-1676,7,31,40,24,32,-17,-41,-42,33 time: 0.09, learned: 2403, props: 2240519
-1676,7,31,40,24,32,-17,-41,-42,-33 time: 0.12, learned: 2829, props: 2884154
-1676,7,31,40,24,-32,17,41,42,33 time: 0.04, learned: 1213, props: 1193863
-1676,7,31,40,24,-32,17,41,42,-33 time: 0.04, learned: 1136, props: 1126191
-1676,7,31,40,24,-32,17,41,-42,33 time: 0.03, learned: 889, props: 724875
-1676,7,31,40,24,-32,17,41,-42,-33 time: 0.03, learned: 1002, props: 916730
-1676,7,31,40,24,-32,17,-41,42,33 time: 0.02, learned: 701, props: 638917
-1676,7,31,40,24,-32,17,-41,42,-33 time: 0.04, learned: 1320, props: 1243030
-1676,7,31,40,24,-32,17,-41,-42,33 time: 0.06, learned: 1707, props: 1577962
-1676,7,31,40,24,-32,17,-41,-42,-33 time: 0.1, learned: 2383, props: 2394725
-1676,7,31,40,24,-32,-17,41,42,33 time: 0.08, learned: 2238, props: 2051577
-1676,7,31,40,24,-32,-17,41,42,-33 time: 0.04, learned: 1234, props: 1007140
-1676,7,31,40,24,-32,-17,41,-42,33 time: 0.06, learned: 1794, props: 1674183
-1676,7,31,40,24,-32,-17,41,-42,-33 time: 0.04, learned: 1281, props: 1255960
-1676,7,31,40,24,-32,-17,-41,42,33 time: 0.02, learned: 809, props: 655471
-1676,7,31,40,24,-32,-17,-41,42,-33 time: 0.03, learned: 1047, props: 860347
-1676,7,31,40,24,-32,-17,-41,-42,33 time: 0.04, learned: 1325, props: 1295161
-1676,7,31,40,24,-32,-17,-41,-42,-33 time: 0.06, learned: 1802, props: 1773274
-1676,7,31,40,-24,32,17,41,42,33 time: 0.06, learned: 1659, props: 1665128
-1676,7,31,40,-24,32,17,41,42,-33 time: 0.03, learned: 1104, props: 934537
-1676,7,31,40,-24,32,17,41,-42,33 time: 0.06, learned: 1872, props: 1646093
-1676,7,31,40,-24,32,17,41,-42,-33 time: 0.04, learned: 1260, props: 1198682
-1676,7,31,40,-24,32,17,-41,42,33 time: 0.05, learned: 1318, props: 1404315
-1676,7,31,40,-24,32,17,-41,42,-33 time: 0.04, learned: 1354, props: 1149079
-1676,7,31,40,-24,32,17,-41,-42,33 time: 0.03, learned: 834, props: 730852
-1676,7,31,40,-24,32,17,-41,-42,-33 time: 0.07, learned: 1742, props: 1974607
-1676,7,31,40,-24,32,-17,41,42,33 time: 0.24, learned: 5820, props: 4720496
-1676,7,31,40,-24,32,-17,41,42,-33 time: 0.06, learned: 1952, props: 1558090
-1676,7,31,40,-24,32,-17,41,-42,33 time: 0.22, learned: 5080, props: 4474320
-1676,7,31,40,-24,32,-17,41,-42,-33 time: 0.04, learned: 1145, props: 1086218
-1676,7,31,40,-24,32,-17,-41,42,33 time: 0.08, learned: 2004, props: 2210334
-1676,7,31,40,-24,32,-17,-41,42,-33 time: 0.05, learned: 1448, props: 1515227
-1676,7,31,40,-24,32,-17,-41,-42,33 time: 0.04, learned: 1183, props: 1161335
-1676,7,31,40,-24,32,-17,-41,-42,-33 time: 0.07, learned: 1788, props: 2017208
-1676,7,31,40,-24,-32,17,41,42,33 time: 0.09, learned: 2322, props: 2363447
-1676,7,31,40,-24,-32,17,41,42,-33 time: 0.05, learned: 1368, props: 1328833
-1676,7,31,40,-24,-32,17,41,-42,33 time: 0.04, learned: 1223, props: 1295422
-1676,7,31,40,-24,-32,17,41,-42,-33 time: 0.05, learned: 1401, props: 1401686
-1676,7,31,40,-24,-32,17,-41,42,33 time: 0.02, learned: 821, props: 719495
-1676,7,31,40,-24,-32,17,-41,42,-33 time: 0.08, learned: 2201, props: 1968555
-1676,7,31,40,-24,-32,17,-41,-42,33 time: 0.04, learned: 1465, props: 1211118
-1676,7,31,40,-24,-32,17,-41,-42,-33 time: 0.08, learned: 1966, props: 2236215
-1676,7,31,40,-24,-32,-17,41,42,33 time: 0.12, learned: 2909, props: 2716645
-1676,7,31,40,-24,-32,-17,41,42,-33 time: 0.09, learned: 2096, props: 2564658
-1676,7,31,40,-24,-32,-17,41,-42,33 time: 0.07, learned: 1933, props: 2059185
-1676,7,31,40,-24,-32,-17,41,-42,-33 time: 0.02, learned: 848, props: 732633
-1676,7,31,40,-24,-32,-17,-41,42,33 time: 0.03, learned: 1068, props: 954239
-1676,7,31,40,-24,-32,-17,-41,42,-33 time: 0.04, learned: 1269, props: 1228759
-1676,7,31,40,-24,-32,-17,-41,-42,33 time: 0.03, learned: 1002, props: 796719
-1676,7,31,40,-24,-32,-17,-41,-42,-33 time: 0.05, learned: 1337, props: 1278731
-1676,7,31,-40,24,32,17,41,42,33 time: 0.03, learned: 983, props: 815458
-1676,7,31,-40,24,32,17,41,42,-33 time: 0.03, learned: 921, props: 752172
-1676,7,31,-40,24,32,17,41,-42,33 time: 0.03, learned: 1017, props: 829734
-1676,7,31,-40,24,32,17,41,-42,-33 time: 0.03, learned: 876, props: 786899
-1676,7,31,-40,24,32,17,-41,42,33 time: 0.04, learned: 1124, props: 1073308
-1676,7,31,-40,24,32,17,-41,42,-33 time: 0.05, learned: 1316, props: 1326085
-1676,7,31,-40,24,32,17,-41,-42,33 time: 0.04, learned: 1083, props: 1092885
-1676,7,31,-40,24,32,17,-41,-42,-33 time: 0.13, learned: 2669, props: 3050476
-1676,7,31,-40,24,32,-17,41,42,33 time: 0.05, learned: 1629, props: 1408126
-1676,7,31,-40,24,32,-17,41,42,-33 time: 0.04, learned: 1255, props: 1212144
-1676,7,31,-40,24,32,-17,41,-42,33 time: 0.08, learned: 2195, props: 1835951
-1676,7,31,-40,24,32,-17,41,-42,-33 time: 0.04, learned: 1237, props: 1201181
-1676,7,31,-40,24,32,-17,-41,42,33 time: 0.05, learned: 1488, props: 1481018
-1676,7,31,-40,24,32,-17,-41,42,-33 time: 0.05, learned: 1444, props: 1491802
-1676,7,31,-40,24,32,-17,-41,-42,33 time: 0.05, learned: 1661, props: 1421502
-1676,7,31,-40,24,32,-17,-41,-42,-33 time: 0.09, learned: 2085, props: 2357403
-1676,7,31,-40,24,-32,17,41,42,33 time: 0.06, learned: 1731, props: 1656267
-1676,7,31,-40,24,-32,17,41,42,-33 time: 0.08, learned: 2211, props: 2035586
-1676,7,31,-40,24,-32,17,41,-42,33 time: 0.05, learned: 1390, props: 1375451
-1676,7,31,-40,24,-32,17,41,-42,-33 time: 0.07, learned: 1878, props: 1987139
-1676,7,31,-40,24,-32,17,-41,42,33 time: 0.05, learned: 1661, props: 1453067
-1676,7,31,-40,24,-32,17,-41,42,-33 time: 0.16, learned: 4337, props: 3374050
-1676,7,31,-40,24,-32,17,-41,-42,33 time: 0.13, learned: 2731, props: 3176779
-1676,7,31,-40,24,-32,17,-41,-42,-33 time: 0.24, learned: 5699, props: 4827402
-1676,7,31,-40,24,-32,-17,41,42,33 time: 0.06, learned: 1774, props: 1897130
-1676,7,31,-40,24,-32,-17,41,42,-33 time: 0.08, learned: 2252, props: 2271354
-1676,7,31,-40,24,-32,-17,41,-42,33 time: 0.09, learned: 2343, props: 2503078
-1676,7,31,-40,24,-32,-17,41,-42,-33 time: 0.06, learned: 1699, props: 1697528
-1676,7,31,-40,24,-32,-17,-41,42,33 time: 0.04, learned: 1117, props: 1143240
-1676,7,31,-40,24,-32,-17,-41,42,-33 time: 0.17, learned: 4760, props: 3834616
-1676,7,31,-40,24,-32,-17,-41,-42,33 time: 0.05, learned: 1552, props: 1522270
-1676,7,31,-40,24,-32,-17,-41,-42,-33 time: 0.13, learned: 3248, props: 3058776
-1676,7,31,-40,-24,32,17,41,42,33 time: 0.1, learned: 2412, props: 2690428
-1676,7,31,-40,-24,32,17,41,42,-33 time: 0.03, learned: 929, props: 838474
-1676,7,31,-40,-24,32,17,41,-42,33 time: 0.04, learned: 1320, props: 1235511
-1676,7,31,-40,-24,32,17,41,-42,-33 time: 0.08, learned: 2094, props: 2115008
-1676,7,31,-40,-24,32,17,-41,42,33 time: 0.02, learned: 784, props: 695760
-1676,7,31,-40,-24,32,17,-41,42,-33 time: 0.04, learned: 1283, props: 1270308
-1676,7,31,-40,-24,32,17,-41,-42,33 time: 0.13, learned: 2692, props: 3042918
-1676,7,31,-40,-24,32,17,-41,-42,-33 time: 0.15, learned: 3818, props: 3197449
-1676,7,31,-40,-24,32,-17,41,42,33 time: 0.15, learned: 4129, props: 3362367
-1676,7,31,-40,-24,32,-17,41,42,-33 time: 0.06, learned: 1739, props: 1838482
-1676,7,31,-40,-24,32,-17,41,-42,33 time: 0.05, learned: 1439, props: 1474550
-1676,7,31,-40,-24,32,-17,41,-42,-33 time: 0.03, learned: 875, props: 801212
-1676,7,31,-40,-24,32,-17,-41,42,33 time: 0.05, learned: 1726, props: 1540329
-1676,7,31,-40,-24,32,-17,-41,42,-33 time: 0.03, learned: 866, props: 985786
-1676,7,31,-40,-24,32,-17,-41,-42,33 time: 0.04, learned: 1217, props: 1113355
-1676,7,31,-40,-24,32,-17,-41,-42,-33 time: 0.05, learned: 1577, props: 1407113
-1676,7,31,-40,-24,-32,17,41,42,33 time: 0.1, learned: 2600, props: 2393235
-1676,7,31,-40,-24,-32,17,41,42,-33 time: 0.06, learned: 1810, props: 1739491
-1676,7,31,-40,-24,-32,17,41,-42,33 time: 0.09, learned: 2215, props: 2423560
-1676,7,31,-40,-24,-32,17,41,-42,-33 time: 0.08, learned: 2260, props: 2172635
-1676,7,31,-40,-24,-32,17,-41,42,33 time: 0.05, learned: 1725, props: 1422619
-1676,7,31,-40,-24,-32,17,-41,42,-33 time: 0.16, learned: 3840, props: 3532358
-1676,7,31,-40,-24,-32,17,-41,-42,33 time: 0.07, learned: 2089, props: 1981575
-1676,7,31,-40,-24,-32,17,-41,-42,-33 time: 0.27, learned: 5398, props: 5315666
-1676,7,31,-40,-24,-32,-17,41,42,33 time: 0.09, learned: 2372, props: 2568909
-1676,7,31,-40,-24,-32,-17,41,42,-33 time: 0.08, learned: 2138, props: 2190748
-1676,7,31,-40,-24,-32,-17,41,-42,33 time: 0.07, learned: 1895, props: 2084562
-1676,7,31,-40,-24,-32,-17,41,-42,-33 time: 0.06, learned: 1908, props: 1531607
-1676,7,31,-40,-24,-32,-17,-41,42,33 time: 0.04, learned: 1277, props: 1132772
-1676,7,31,-40,-24,-32,-17,-41,42,-33 time: 0.09, learned: 2151, props: 2264435
-1676,7,31,-40,-24,-32,-17,-41,-42,33 time: 0.05, learned: 1379, props: 1507862
-1676,7,31,-40,-24,-32,-17,-41,-42,-33 time: 0.05, learned: 1516, props: 1504198
-1676,7,-31,40,24,32,17,41,42,33 time: 0.04, learned: 1256, props: 1083306
-1676,7,-31,40,24,32,17,41,42,-33 time: 0.06, learned: 1823, props: 1623911
-1676,7,-31,40,24,32,17,41,-42,33 time: 0.05, learned: 1512, props: 1476420
-1676,7,-31,40,24,32,17,41,-42,-33 time: 0.03, learned: 1109, props: 892993
-1676,7,-31,40,24,32,17,-41,42,33 time: 0.03, learned: 1015, props: 771191
-1676,7,-31,40,24,32,17,-41,42,-33 time: 0.04, learned: 1346, props: 1169513
-1676,7,-31,40,24,32,17,-41,-42,33 time: 0.05, learned: 1562, props: 1384702
-1676,7,-31,40,24,32,17,-41,-42,-33 time: 0.07, learned: 1981, props: 2135577
-1676,7,-31,40,24,32,-17,41,42,33 time: 0.15, learned: 3235, props: 3159734
-1676,7,-31,40,24,32,-17,41,42,-33 time: 0.05, learned: 1647, props: 1544874
-1676,7,-31,40,24,32,-17,41,-42,33 time: 0.09, learned: 2249, props: 2136063
-1676,7,-31,40,24,32,-17,41,-42,-33 time: 0.08, learned: 2048, props: 2124119
-1676,7,-31,40,24,32,-17,-41,42,33 time: 0.05, learned: 1360, props: 1271457
-1676,7,-31,40,24,32,-17,-41,42,-33 time: 0.03, learned: 1185, props: 997542
-1676,7,-31,40,24,32,-17,-41,-42,33 time: 0.04, learned: 1121, props: 1036613
-1676,7,-31,40,24,32,-17,-41,-42,-33 time: 0.04, learned: 1203, props: 1047780
-1676,7,-31,40,24,-32,17,41,42,33 time: 0.04, learned: 1296, props: 1094287
-1676,7,-31,40,24,-32,17,41,42,-33 time: 0.06, learned: 1656, props: 1722710
-1676,7,-31,40,24,-32,17,41,-42,33 time: 0.04, learned: 1401, props: 1273612
-1676,7,-31,40,24,-32,17,41,-42,-33 time: 0.06, learned: 1606, props: 1572919
-1676,7,-31,40,24,-32,17,-41,42,33 time: 0.08, learned: 2156, props: 1941217
-1676,7,-31,40,24,-32,17,-41,42,-33 time: 0.08, learned: 2135, props: 2343603
-1676,7,-31,40,24,-32,17,-41,-42,33 time: 0.05, learned: 1405, props: 1319498
-1676,7,-31,40,24,-32,17,-41,-42,-33 time: 0.14, learned: 2861, props: 3395640
-1676,7,-31,40,24,-32,-17,41,42,33 time: 0.13, learned: 3528, props: 2907488
-1676,7,-31,40,24,-32,-17,41,42,-33 time: 0.08, learned: 1884, props: 2326110
-1676,7,-31,40,24,-32,-17,41,-42,33 time: 0.02, learned: 712, props: 623043
-1676,7,-31,40,24,-32,-17,41,-42,-33 time: 0.04, learned: 1371, props: 1116299
-1676,7,-31,40,24,-32,-17,-41,42,33 time: 0.03, learned: 1016, props: 922108
-1676,7,-31,40,24,-32,-17,-41,42,-33 time: 0.05, learned: 1391, props: 1466617
-1676,7,-31,40,24,-32,-17,-41,-42,33 time: 0.04, learned: 1222, props: 1202429
-1676,7,-31,40,24,-32,-17,-41,-42,-33 time: 0.04, learned: 1207, props: 1303462
-1676,7,-31,40,-24,32,17,41,42,33 time: 0.17, learned: 4882, props: 3342375
-1676,7,-31,40,-24,32,17,41,42,-33 time: 0.09, learned: 2386, props: 2233301
-1676,7,-31,40,-24,32,17,41,-42,33 time: 0.12, learned: 2529, props: 2837501
-1676,7,-31,40,-24,32,17,41,-42,-33 time: 0.07, learned: 1876, props: 1863185
-1676,7,-31,40,-24,32,17,-41,42,33 time: 0.06, learned: 1902, props: 1819603
-1676,7,-31,40,-24,32,17,-41,42,-33 time: 0.08, learned: 1970, props: 2163631
-1676,7,-31,40,-24,32,17,-41,-42,33 time: 0.08, learned: 2120, props: 2110336
-1676,7,-31,40,-24,32,17,-41,-42,-33 time: 0.15, learned: 3882, props: 3418240
-1676,7,-31,40,-24,32,-17,41,42,33 time: 0.29, learned: 7340, props: 5417766
-1676,7,-31,40,-24,32,-17,41,42,-33 time: 0.11, learned: 2481, props: 2698260
-1676,7,-31,40,-24,32,-17,41,-42,33 time: 0.12, learned: 3123, props: 2702883
-1676,7,-31,40,-24,32,-17,41,-42,-33 time: 0.07, learned: 1915, props: 1973841
-1676,7,-31,40,-24,32,-17,-41,42,33 time: 0.14, learned: 3432, props: 3184528
-1676,7,-31,40,-24,32,-17,-41,42,-33 time: 0.06, learned: 1728, props: 1800954
-1676,7,-31,40,-24,32,-17,-41,-42,33 time: 0.05, learned: 1432, props: 1497374
-1676,7,-31,40,-24,32,-17,-41,-42,-33 time: 0.06, learned: 1703, props: 1881660
-1676,7,-31,40,-24,-32,17,41,42,33 time: 0.15, learned: 3967, props: 3173794
-1676,7,-31,40,-24,-32,17,41,42,-33 time: 0.17, learned: 4323, props: 3838925
-1676,7,-31,40,-24,-32,17,41,-42,33 time: 0.11, learned: 2471, props: 2698333
-1676,7,-31,40,-24,-32,17,41,-42,-33 time: 0.09, learned: 2324, props: 2445949
-1676,7,-31,40,-24,-32,17,-41,42,33 time: 0.05, learned: 1700, props: 1458598
-1676,7,-31,40,-24,-32,17,-41,42,-33 time: 0.16, learned: 3567, props: 3387390
-1676,7,-31,40,-24,-32,17,-41,-42,33 time: 0.06, learned: 1684, props: 1729686
-1676,7,-31,40,-24,-32,17,-41,-42,-33 time: 0.18, learned: 4611, props: 3892285
-1676,7,-31,40,-24,-32,-17,41,42,33 time: 0.24, learned: 5636, props: 4707622
-1676,7,-31,40,-24,-32,-17,41,42,-33 time: 0.14, learned: 2999, props: 3121834
-1676,7,-31,40,-24,-32,-17,41,-42,33 time: 0.06, learned: 1880, props: 1609698
-1676,7,-31,40,-24,-32,-17,41,-42,-33 time: 0.03, learned: 990, props: 1012828
-1676,7,-31,40,-24,-32,-17,-41,42,33 time: 0.16, learned: 3912, props: 3558737
-1676,7,-31,40,-24,-32,-17,-41,42,-33 time: 0.08, learned: 2008, props: 2044210
-1676,7,-31,40,-24,-32,-17,-41,-42,33 time: 0.04, learned: 1277, props: 1196568
-1676,7,-31,40,-24,-32,-17,-41,-42,-33 time: 0.04, learned: 1337, props: 1273184
-1676,7,-31,-40,24,32,17,41,42,33 time: 0.05, learned: 1533, props: 1525575
-1676,7,-31,-40,24,32,17,41,42,-33 time: 0.05, learned: 1628, props: 1431643
-1676,7,-31,-40,24,32,17,41,-42,33 time: 0.05, learned: 1480, props: 1479992
-1676,7,-31,-40,24,32,17,41,-42,-33 time: 0.04, learned: 1072, props: 1122548
-1676,7,-31,-40,24,32,17,-41,42,33 time: 0.03, learned: 933, props: 712934
-1676,7,-31,-40,24,32,17,-41,42,-33 time: 0.04, learned: 1275, props: 1186152
-1676,7,-31,-40,24,32,17,-41,-42,33 time: 0.06, learned: 1729, props: 1684160
-1676,7,-31,-40,24,32,17,-41,-42,-33 time: 0.16, learned: 3610, props: 3607104
-1676,7,-31,-40,24,32,-17,41,42,33 time: 0.03, learned: 894, props: 858678
-1676,7,-31,-40,24,32,-17,41,42,-33 time: 0.03, learned: 849, props: 783614
-1676,7,-31,-40,24,32,-17,41,-42,33 time: 0.03, learned: 1143, props: 921250
-1676,7,-31,-40,24,32,-17,41,-42,-33 time: 0.03, learned: 886, props: 911527
-1676,7,-31,-40,24,32,-17,-41,42,33 time: 0.03, learned: 1013, props: 1048924
-1676,7,-31,-40,24,32,-17,-41,42,-33 time: 0.04, learned: 1157, props: 1231595
-1676,7,-31,-40,24,32,-17,-41,-42,33 time: 0.05, learned: 1262, props: 1449741
-1676,7,-31,-40,24,32,-17,-41,-42,-33 time: 0.07, learned: 1764, props: 1992120
-1676,7,-31,-40,24,-32,17,41,42,33 time: 0.09, learned: 2204, props: 2367899
-1676,7,-31,-40,24,-32,17,41,42,-33 time: 0.14, learned: 4034, props: 3174260
-1676,7,-31,-40,24,-32,17,41,-42,33 time: 0.08, learned: 2093, props: 1984801
-1676,7,-31,-40,24,-32,17,41,-42,-33 time: 0.13, learned: 3350, props: 2934709
-1676,7,-31,-40,24,-32,17,-41,42,33 time: 0.12, learned: 2766, props: 2810268
-1676,7,-31,-40,24,-32,17,-41,42,-33 time: 0.29, learned: 6018, props: 5498002
-1676,7,-31,-40,24,-32,17,-41,-42,33 time: 0.14, learned: 3805, props: 3070134
-1676,7,-31,-40,24,-32,17,-41,-42,-33 time: 0.3, learned: 5930, props: 5897891
-1676,7,-31,-40,24,-32,-17,41,42,33 time: 0.07, learned: 1857, props: 1894981
-1676,7,-31,-40,24,-32,-17,41,42,-33 time: 0.07, learned: 1932, props: 1876267
-1676,7,-31,-40,24,-32,-17,41,-42,33 time: 0.05, learned: 1591, props: 1603715
-1676,7,-31,-40,24,-32,-17,41,-42,-33 time: 0.06, learned: 1581, props: 1665570
-1676,7,-31,-40,24,-32,-17,-41,42,33 time: 0.05, learned: 1549, props: 1607304
-1676,7,-31,-40,24,-32,-17,-41,42,-33 time: 0.15, learned: 3790, props: 3384638
-1676,7,-31,-40,24,-32,-17,-41,-42,33 time: 0.06, learned: 1700, props: 1543955
-1676,7,-31,-40,24,-32,-17,-41,-42,-33 time: 0.14, learned: 3096, props: 3307707
-1676,7,-31,-40,-24,32,17,41,42,33 time: 0.13, learned: 2811, props: 3090505
-1676,7,-31,-40,-24,32,17,41,42,-33 time: 0.05, learned: 1598, props: 1553949
-1676,7,-31,-40,-24,32,17,41,-42,33 time: 0.12, learned: 2631, props: 2890235
-1676,7,-31,-40,-24,32,17,41,-42,-33 time: 0.07, learned: 1860, props: 2097795
-1676,7,-31,-40,-24,32,17,-41,42,33 time: 0.07, learned: 1841, props: 1848790
-1676,7,-31,-40,-24,32,17,-41,42,-33 time: 0.14, learned: 2960, props: 3061064
-1676,7,-31,-40,-24,32,17,-41,-42,33 time: 0.08, learned: 1871, props: 2067254
-1676,7,-31,-40,-24,32,17,-41,-42,-33 time: 0.14, learned: 3676, props: 3103628
-1676,7,-31,-40,-24,32,-17,41,42,33 time: 0.13, learned: 3251, props: 3043736
-1676,7,-31,-40,-24,32,-17,41,42,-33 time: 0.09, learned: 2234, props: 2554326
-1676,7,-31,-40,-24,32,-17,41,-42,33 time: 0.08, learned: 2153, props: 2274777
-1676,7,-31,-40,-24,32,-17,41,-42,-33 time: 0.06, learned: 1829, props: 1673374
-1676,7,-31,-40,-24,32,-17,-41,42,33 time: 0.09, learned: 2374, props: 2400003
-1676,7,-31,-40,-24,32,-17,-41,42,-33 time: 0.08, learned: 1959, props: 2159005
-1676,7,-31,-40,-24,32,-17,-41,-42,33 time: 0.05, learned: 1371, props: 1255632
-1676,7,-31,-40,-24,32,-17,-41,-42,-33 time: 0.06, learned: 1610, props: 1844398
-1676,7,-31,-40,-24,-32,17,41,42,33 time: 0.25, learned: 6722, props: 4774966
-1676,7,-31,-40,-24,-32,17,41,42,-33 time: 0.27, learned: 6300, props: 4939854
-1676,7,-31,-40,-24,-32,17,41,-42,33 time: 0.15, learned: 3704, props: 3319468
-1676,7,-31,-40,-24,-32,17,41,-42,-33 time: 0.16, learned: 4232, props: 3326462
-1676,7,-31,-40,-24,-32,17,-41,42,33 time: 0.17, learned: 4344, props: 3453756
-1676,7,-31,-40,-24,-32,17,-41,42,-33 time: 0.31, learned: 7553, props: 5862510
-1676,7,-31,-40,-24,-32,17,-41,-42,33 time: 0.19, learned: 4611, props: 4136343
-1676,7,-31,-40,-24,-32,17,-41,-42,-33 time: 0.3, learned: 6887, props: 5877326
-1676,7,-31,-40,-24,-32,-17,41,42,33 time: 0.19, learned: 5026, props: 3783689
-1676,7,-31,-40,-24,-32,-17,41,42,-33 time: 0.17, learned: 3952, props: 3703029
-1676,7,-31,-40,-24,-32,-17,41,-42,33 time: 0.1, learned: 2496, props: 2691437
-1676,7,-31,-40,-24,-32,-17,41,-42,-33 time: 0.09, learned: 2141, props: 2464214
-1676,7,-31,-40,-24,-32,-17,-41,42,33 time: 0.13, learned: 2707, props: 3203328
-1676,7,-31,-40,-24,-32,-17,-41,42,-33 time: 0.17, learned: 4071, props: 3958253
-1676,7,-31,-40,-24,-32,-17,-41,-42,33 time: 0.09, learned: 2192, props: 2416669
-1676,7,-31,-40,-24,-32,-17,-41,-42,-33 time: 0.1, learned: 2314, props: 2677819
-1676,-7,31,40,24,32,17,41,42,33 time: 0.1, learned: 2422, props: 2442460
-1676,-7,31,40,24,32,17,41,42,-33 time: 0.08, learned: 2023, props: 2057297
-1676,-7,31,40,24,32,17,41,-42,33 time: 0.16, learned: 4132, props: 3682447
-1676,-7,31,40,24,32,17,41,-42,-33 time: 0.09, learned: 2057, props: 2347923
-1676,-7,31,40,24,32,17,-41,42,33 time: 0.09, learned: 2256, props: 2453072
-1676,-7,31,40,24,32,17,-41,42,-33 time: 0.09, learned: 2408, props: 2431597
-1676,-7,31,40,24,32,17,-41,-42,33 time: 0.19, learned: 4821, props: 4011755
-1676,-7,31,40,24,32,17,-41,-42,-33 time: 0.16, learned: 4593, props: 3362631
-1676,-7,31,40,24,32,-17,41,42,33 time: 0.33, learned: 7506, props: 6236344
-1676,-7,31,40,24,32,-17,41,42,-33 time: 0.17, learned: 3905, props: 3727279
-1676,-7,31,40,24,32,-17,41,-42,33 time: 0.31, learned: 7292, props: 5706848
-1676,-7,31,40,24,32,-17,41,-42,-33 time: 0.14, learned: 3558, props: 3002084
-1676,-7,31,40,24,32,-17,-41,42,33 time: 0.15, learned: 4113, props: 3164042
-1676,-7,31,40,24,32,-17,-41,42,-33 time: 0.17, learned: 4833, props: 3745047
-1676,-7,31,40,24,32,-17,-41,-42,33 time: 0.28, learned: 6642, props: 4929789
-1676,-7,31,40,24,32,-17,-41,-42,-33 time: 0.25, learned: 6531, props: 4769644
-1676,-7,31,40,24,-32,17,41,42,33 time: 0.07, learned: 1816, props: 2098652
-1676,-7,31,40,24,-32,17,41,42,-33 time: 0.04, learned: 1293, props: 1176284
-1676,-7,31,40,24,-32,17,41,-42,33 time: 0.09, learned: 2204, props: 2280485
-1676,-7,31,40,24,-32,17,41,-42,-33 time: 0.08, learned: 2219, props: 2105198
-1676,-7,31,40,24,-32,17,-41,42,33 time: 0.07, learned: 1971, props: 1853587
-1676,-7,31,40,24,-32,17,-41,42,-33 time: 0.08, learned: 2152, props: 2215513
-1676,-7,31,40,24,-32,17,-41,-42,33 time: 0.09, learned: 2149, props: 2422860
-1676,-7,31,40,24,-32,17,-41,-42,-33 time: 0.14, learned: 2931, props: 3320575
-1676,-7,31,40,24,-32,-17,41,42,33 time: 0.14, learned: 3611, props: 3040493
-1676,-7,31,40,24,-32,-17,41,42,-33 time: 0.07, learned: 1747, props: 1955980
-1676,-7,31,40,24,-32,-17,41,-42,33 time: 0.1, learned: 2392, props: 2519943
-1676,-7,31,40,24,-32,-17,41,-42,-33 time: 0.07, learned: 1983, props: 1908625
-1676,-7,31,40,24,-32,-17,-41,42,33 time: 0.06, learned: 1721, props: 1811155
-1676,-7,31,40,24,-32,-17,-41,42,-33 time: 0.08, learned: 2177, props: 2083465
-1676,-7,31,40,24,-32,-17,-41,-42,33 time: 0.06, learned: 1527, props: 1548457
-1676,-7,31,40,24,-32,-17,-41,-42,-33 time: 0.09, learned: 2384, props: 2582559
-1676,-7,31,40,-24,32,17,41,42,33 time: 0.13, learned: 2913, props: 3059063
-1676,-7,31,40,-24,32,17,41,42,-33 time: 0.06, learned: 1639, props: 1493695
-1676,-7,31,40,-24,32,17,41,-42,33 time: 0.16, learned: 3789, props: 3438738
-1676,-7,31,40,-24,32,17,41,-42,-33 time: 0.06, learned: 1651, props: 1698983
-1676,-7,31,40,-24,32,17,-41,42,33 time: 0.06, learned: 1659, props: 1747252
-1676,-7,31,40,-24,32,17,-41,42,-33 time: 0.06, learned: 1806, props: 1694840
-1676,-7,31,40,-24,32,17,-41,-42,33 time: 0.07, learned: 1866, props: 1898225
-1676,-7,31,40,-24,32,17,-41,-42,-33 time: 0.06, learned: 1722, props: 1784882
-1676,-7,31,40,-24,32,-17,41,42,33 time: 0.28, learned: 5887, props: 5359629
-1676,-7,31,40,-24,32,-17,41,42,-33 time: 0.1, learned: 2385, props: 2453134
-1676,-7,31,40,-24,32,-17,41,-42,33 time: 0.28, learned: 6168, props: 5330175
-1676,-7,31,40,-24,32,-17,41,-42,-33 time: 0.09, learned: 2347, props: 2413036
-1676,-7,31,40,-24,32,-17,-41,42,33 time: 0.15, learned: 4106, props: 3295127
-1676,-7,31,40,-24,32,-17,-41,42,-33 time: 0.07, learned: 2157, props: 1991640
-1676,-7,31,40,-24,32,-17,-41,-42,33 time: 0.14, learned: 3743, props: 2926706
-1676,-7,31,40,-24,32,-17,-41,-42,-33 time: 0.11, learned: 2568, props: 2735080
-1676,-7,31,40,-24,-32,17,41,42,33 time: 0.09, learned: 2409, props: 2531867
-1676,-7,31,40,-24,-32,17,41,42,-33 time: 0.05, learned: 1256, props: 1426994
-1676,-7,31,40,-24,-32,17,41,-42,33 time: 0.04, learned: 1187, props: 1223592
-1676,-7,31,40,-24,-32,17,41,-42,-33 time: 0.03, learned: 1014, props: 1042451
-1676,-7,31,40,-24,-32,17,-41,42,33 time: 0.03, learned: 886, props: 911528
-1676,-7,31,40,-24,-32,17,-41,42,-33 time: 0.04, learned: 1301, props: 1003125
-1676,-7,31,40,-24,-32,17,-41,-42,33 time: 0.03, learned: 849, props: 783613
-1676,-7,31,40,-24,-32,17,-41,-42,-33 time: 0.03, learned: 894, props: 858676
-1676,-7,31,40,-24,-32,-17,41,42,33 time: 0.16, learned: 3090, props: 3596782
-1676,-7,31,40,-24,-32,-17,41,42,-33 time: 0.04, learned: 1317, props: 1138999
-1676,-7,31,40,-24,-32,-17,41,-42,33 time: 0.04, learned: 1284, props: 1129108
-1676,-7,31,40,-24,-32,-17,41,-42,-33 time: 0.03, learned: 933, props: 712936
-1676,-7,31,40,-24,-32,-17,-41,42,33 time: 0.04, learned: 1068, props: 1093664
-1676,-7,31,40,-24,-32,-17,-41,42,-33 time: 0.05, learned: 1495, props: 1421249
-1676,-7,31,40,-24,-32,-17,-41,-42,33 time: 0.05, learned: 1538, props: 1378152
-1676,-7,31,40,-24,-32,-17,-41,-42,-33 time: 0.03, learned: 1052, props: 902374
-1676,-7,31,-40,24,32,17,41,42,33 time: 0.05, learned: 1388, props: 1294913
-1676,-7,31,-40,24,32,17,41,42,-33 time: 0.04, learned: 1300, props: 1181190
-1676,-7,31,-40,24,32,17,41,-42,33 time: 0.05, learned: 1354, props: 1284370
-1676,-7,31,-40,24,32,17,41,-42,-33 time: 0.12, learned: 2745, props: 2888486
-1676,-7,31,-40,24,32,17,-41,42,33 time: 0.05, learned: 1676, props: 1535277
-1676,-7,31,-40,24,32,17,-41,42,-33 time: 0.06, learned: 1930, props: 1671032
-1676,-7,31,-40,24,32,17,-41,-42,33 time: 0.14, learned: 3393, props: 3211887
-1676,-7,31,-40,24,32,17,-41,-42,-33 time: 0.24, learned: 6266, props: 4691124
-1676,-7,31,-40,24,32,-17,41,42,33 time: 0.16, learned: 3606, props: 3551513
-1676,-7,31,-40,24,32,-17,41,42,-33 time: 0.06, learned: 1533, props: 1647621
-1676,-7,31,-40,24,32,-17,41,-42,33 time: 0.15, learned: 3702, props: 3375098
-1676,-7,31,-40,24,32,-17,41,-42,-33 time: 0.06, learned: 1758, props: 1474041
-1676,-7,31,-40,24,32,-17,-41,42,33 time: 0.13, learned: 2822, props: 3125152
-1676,-7,31,-40,24,32,-17,-41,42,-33 time: 0.08, learned: 2040, props: 2157786
-1676,-7,31,-40,24,32,-17,-41,-42,33 time: 0.16, learned: 3626, props: 3601957
-1676,-7,31,-40,24,32,-17,-41,-42,-33 time: 0.15, learned: 4535, props: 3189048
-1676,-7,31,-40,24,-32,17,41,42,33 time: 0.05, learned: 1533, props: 1494232
-1676,-7,31,-40,24,-32,17,41,42,-33 time: 0.05, learned: 1507, props: 1500191
-1676,-7,31,-40,24,-32,17,41,-42,33 time: 0.09, learned: 2294, props: 2499788
-1676,-7,31,-40,24,-32,17,41,-42,-33 time: 0.14, learned: 3965, props: 3325201
-1676,-7,31,-40,24,-32,17,-41,42,33 time: 0.07, learned: 1918, props: 2015589
-1676,-7,31,-40,24,-32,17,-41,42,-33 time: 0.13, learned: 3502, props: 2878564
-1676,-7,31,-40,24,-32,17,-41,-42,33 time: 0.11, learned: 2560, props: 2656527
-1676,-7,31,-40,24,-32,17,-41,-42,-33 time: 0.35, learned: 7908, props: 6550739
-1676,-7,31,-40,24,-32,-17,41,42,33 time: 0.12, learned: 2821, props: 3063463
-1676,-7,31,-40,24,-32,-17,41,42,-33 time: 0.07, learned: 1810, props: 1967410
-1676,-7,31,-40,24,-32,-17,41,-42,33 time: 0.07, learned: 1897, props: 2002391
-1676,-7,31,-40,24,-32,-17,41,-42,-33 time: 0.06, learned: 1804, props: 1757004
-1676,-7,31,-40,24,-32,-17,-41,42,33 time: 0.08, learned: 2305, props: 2113718
-1676,-7,31,-40,24,-32,-17,-41,42,-33 time: 0.09, learned: 2421, props: 2539984
-1676,-7,31,-40,24,-32,-17,-41,-42,33 time: 0.08, learned: 2214, props: 2055410
-1676,-7,31,-40,24,-32,-17,-41,-42,-33 time: 0.16, learned: 4857, props: 3328510
-1676,-7,31,-40,-24,32,17,41,42,33 time: 0.04, learned: 1253, props: 1321465
-1676,-7,31,-40,-24,32,17,41,42,-33 time: 0.04, learned: 1158, props: 1151732
-1676,-7,31,-40,-24,32,17,41,-42,33 time: 0.05, learned: 1389, props: 1542207
-1676,-7,31,-40,-24,32,17,41,-42,-33 time: 0.03, learned: 1008, props: 927366
-1676,-7,31,-40,-24,32,17,-41,42,33 time: 0.07, learned: 2113, props: 1868641
-1676,-7,31,-40,-24,32,17,-41,42,-33 time: 0.02, learned: 712, props: 623044
-1676,-7,31,-40,-24,32,17,-41,-42,33 time: 0.08, learned: 2007, props: 2387510
-1676,-7,31,-40,-24,32,17,-41,-42,-33 time: 0.14, learned: 3836, props: 3026302
-1676,-7,31,-40,-24,32,-17,41,42,33 time: 0.14, learned: 2865, props: 3251556
-1676,-7,31,-40,-24,32,-17,41,42,-33 time: 0.04, learned: 1271, props: 1136250
-1676,-7,31,-40,-24,32,-17,41,-42,33 time: 0.07, learned: 1924, props: 2145539
-1676,-7,31,-40,-24,32,-17,41,-42,-33 time: 0.06, learned: 1764, props: 1588971
-1676,-7,31,-40,-24,32,-17,-41,42,33 time: 0.06, learned: 1714, props: 1570857
-1676,-7,31,-40,-24,32,-17,-41,42,-33 time: 0.04, learned: 1354, props: 1280072
-1676,-7,31,-40,-24,32,-17,-41,-42,33 time: 0.06, learned: 1620, props: 1696807
-1676,-7,31,-40,-24,32,-17,-41,-42,-33 time: 0.04, learned: 1257, props: 1080057
-1676,-7,31,-40,-24,-32,17,41,42,33 time: 0.07, learned: 1940, props: 2064012
-1676,-7,31,-40,-24,-32,17,41,42,-33 time: 0.04, learned: 1154, props: 1049622
-1676,-7,31,-40,-24,-32,17,41,-42,33 time: 0.04, learned: 1260, props: 1038542
-1676,-7,31,-40,-24,-32,17,41,-42,-33 time: 0.04, learned: 1313, props: 1236900
-1676,-7,31,-40,-24,-32,17,-41,42,33 time: 0.06, learned: 1699, props: 1740925
-1676,-7,31,-40,-24,-32,17,-41,42,-33 time: 0.15, learned: 3574, props: 3341276
-1676,-7,31,-40,-24,-32,17,-41,-42,33 time: 0.06, learned: 1793, props: 1654039
-1676,-7,31,-40,-24,-32,17,-41,-42,-33 time: 0.17, learned: 4208, props: 3615941
-1676,-7,31,-40,-24,-32,-17,41,42,33 time: 0.08, learned: 2067, props: 2320541
-1676,-7,31,-40,-24,-32,-17,41,42,-33 time: 0.06, learned: 1774, props: 1636560
-1676,-7,31,-40,-24,-32,-17,41,-42,33 time: 0.04, learned: 1221, props: 1036600
-1676,-7,31,-40,-24,-32,-17,41,-42,-33 time: 0.03, learned: 1002, props: 767484
-1676,-7,31,-40,-24,-32,-17,-41,42,33 time: 0.05, learned: 1554, props: 1520472
-1676,-7,31,-40,-24,-32,-17,-41,42,-33 time: 0.05, learned: 1480, props: 1548687
-1676,-7,31,-40,-24,-32,-17,-41,-42,33 time: 0.05, learned: 1643, props: 1472389
-1676,-7,31,-40,-24,-32,-17,-41,-42,-33 time: 0.05, learned: 1481, props: 1309934
-1676,-7,-31,40,24,32,17,41,42,33 time: 0.05, learned: 1620, props: 1570301
-1676,-7,-31,40,24,32,17,41,42,-33 time: 0.05, learned: 1405, props: 1537260
-1676,-7,-31,40,24,32,17,41,-42,33 time: 0.08, learned: 1960, props: 2118471
-1676,-7,-31,40,24,32,17,41,-42,-33 time: 0.07, learned: 1882, props: 2005970
-1676,-7,-31,40,24,32,17,-41,42,33 time: 0.06, learned: 2096, props: 1574880
-1676,-7,-31,40,24,32,17,-41,42,-33 time: 0.06, learned: 1715, props: 1954962
-1676,-7,-31,40,24,32,17,-41,-42,33 time: 0.08, learned: 2039, props: 2206778
-1676,-7,-31,40,24,32,17,-41,-42,-33 time: 0.11, learned: 2654, props: 2483645
-1676,-7,-31,40,24,32,-17,41,42,33 time: 0.17, learned: 4603, props: 3563081
-1676,-7,-31,40,24,32,-17,41,42,-33 time: 0.08, learned: 2117, props: 2052026
-1676,-7,-31,40,24,32,-17,41,-42,33 time: 0.17, learned: 4114, props: 3740338
-1676,-7,-31,40,24,32,-17,41,-42,-33 time: 0.05, learned: 1602, props: 1319654
-1676,-7,-31,40,24,32,-17,-41,42,33 time: 0.08, learned: 2209, props: 2161252
-1676,-7,-31,40,24,32,-17,-41,42,-33 time: 0.08, learned: 2019, props: 2281782
-1676,-7,-31,40,24,32,-17,-41,-42,33 time: 0.07, learned: 1986, props: 1873219
-1676,-7,-31,40,24,32,-17,-41,-42,-33 time: 0.07, learned: 2122, props: 1856998
-1676,-7,-31,40,24,-32,17,41,42,33 time: 0.05, learned: 1572, props: 1401708
-1676,-7,-31,40,24,-32,17,41,42,-33 time: 0.04, learned: 1140, props: 1037600
-1676,-7,-31,40,24,-32,17,41,-42,33 time: 0.03, learned: 866, props: 985789
-1676,-7,-31,40,24,-32,17,41,-42,-33 time: 0.05, learned: 1649, props: 1566542
-1676,-7,-31,40,24,-32,17,-41,42,33 time: 0.03, learned: 875, props: 801211
-1676,-7,-31,40,24,-32,17,-41,42,-33 time: 0.05, learned: 1461, props: 1509937
-1676,-7,-31,40,24,-32,17,-41,-42,33 time: 0.06, learned: 1739, props: 1710820
-1676,-7,-31,40,24,-32,17,-41,-42,-33 time: 0.15, learned: 3572, props: 3365755
-1676,-7,-31,40,24,-32,-17,41,42,33 time: 0.13, learned: 2620, props: 2957667
-1676,-7,-31,40,24,-32,-17,41,42,-33 time: 0.1, learned: 2334, props: 2634509
-1676,-7,-31,40,24,-32,-17,41,-42,33 time: 0.04, learned: 1323, props: 1268061
-1676,-7,-31,40,24,-32,-17,41,-42,-33 time: 0.03, learned: 784, props: 695760
-1676,-7,-31,40,24,-32,-17,-41,42,33 time: 0.07, learned: 1920, props: 2073553
-1676,-7,-31,40,24,-32,-17,-41,42,-33 time: 0.04, learned: 1268, props: 1125328
-1676,-7,-31,40,24,-32,-17,-41,-42,33 time: 0.03, learned: 929, props: 838473
-1676,-7,-31,40,24,-32,-17,-41,-42,-33 time: 0.06, learned: 1962, props: 1552983
-1676,-7,-31,40,-24,32,17,41,42,33 time: 0.15, learned: 3236, props: 3509409
-1676,-7,-31,40,-24,32,17,41,42,-33 time: 0.06, learned: 1639, props: 1566095
-1676,-7,-31,40,-24,32,17,41,-42,33 time: 0.17, learned: 4685, props: 3655016
-1676,-7,-31,40,-24,32,17,41,-42,-33 time: 0.06, learned: 1764, props: 1731651
-1676,-7,-31,40,-24,32,17,-41,42,33 time: 0.05, learned: 1538, props: 1566533
-1676,-7,-31,40,-24,32,17,-41,42,-33 time: 0.05, learned: 1521, props: 1561014
-1676,-7,-31,40,-24,32,17,-41,-42,33 time: 0.07, learned: 1989, props: 1975727
-1676,-7,-31,40,-24,32,17,-41,-42,-33 time: 0.07, learned: 1796, props: 1890338
-1676,-7,-31,40,-24,32,-17,41,42,33 time: 0.27, learned: 5690, props: 5042663
-1676,-7,-31,40,-24,32,-17,41,42,-33 time: 0.14, learned: 3064, props: 3175791
-1676,-7,-31,40,-24,32,-17,41,-42,33 time: 0.07, learned: 2244, props: 1892051
-1676,-7,-31,40,-24,32,-17,41,-42,-33 time: 0.06, learned: 1911, props: 1533556
-1676,-7,-31,40,-24,32,-17,-41,42,33 time: 0.08, learned: 2106, props: 2194761
-1676,-7,-31,40,-24,32,-17,-41,42,-33 time: 0.04, learned: 1227, props: 1260623
-1676,-7,-31,40,-24,32,-17,-41,-42,33 time: 0.05, learned: 1396, props: 1483771
-1676,-7,-31,40,-24,32,-17,-41,-42,-33 time: 0.06, learned: 1679, props: 1642285
-1676,-7,-31,40,-24,-32,17,41,42,33 time: 0.08, learned: 2015, props: 2141499
-1676,-7,-31,40,-24,-32,17,41,42,-33 time: 0.06, learned: 1863, props: 1641670
-1676,-7,-31,40,-24,-32,17,41,-42,33 time: 0.05, learned: 1514, props: 1534142
-1676,-7,-31,40,-24,-32,17,41,-42,-33 time: 0.07, learned: 1879, props: 1819116
-1676,-7,-31,40,-24,-32,17,-41,42,33 time: 0.05, learned: 1434, props: 1452745
-1676,-7,-31,40,-24,-32,17,-41,42,-33 time: 0.08, learned: 2178, props: 1887618
-1676,-7,-31,40,-24,-32,17,-41,-42,33 time: 0.04, learned: 1255, props: 1212130
-1676,-7,-31,40,-24,-32,17,-41,-42,-33 time: 0.06, learned: 1720, props: 1558889
-1676,-7,-31,40,-24,-32,-17,41,42,33 time: 0.18, learned: 4541, props: 3830789
-1676,-7,-31,40,-24,-32,-17,41,42,-33 time: 0.04, learned: 1083, props: 1092886
-1676,-7,-31,40,-24,-32,-17,41,-42,33 time: 0.04, learned: 1237, props: 1244022
-1676,-7,-31,40,-24,-32,-17,41,-42,-33 time: 0.04, learned: 1046, props: 1006876
-1676,-7,-31,40,-24,-32,-17,-41,42,33 time: 0.03, learned: 876, props: 786906
-1676,-7,-31,40,-24,-32,-17,-41,42,-33 time: 0.03, learned: 1049, props: 859011
-1676,-7,-31,40,-24,-32,-17,-41,-42,33 time: 0.03, learned: 921, props: 752171
-1676,-7,-31,40,-24,-32,-17,-41,-42,-33 time: 0.04, learned: 1271, props: 1012982
-1676,-7,-31,-40,24,32,17,41,42,33 time: 0.04, learned: 1260, props: 1237803
-1676,-7,-31,-40,24,32,17,41,42,-33 time: 0.03, learned: 1049, props: 809946
-1676,-7,-31,-40,24,32,17,41,-42,33 time: 0.04, learned: 1248, props: 1220815
-1676,-7,-31,-40,24,32,17,41,-42,-33 time: 0.03, learned: 1045, props: 924135
-1676,-7,-31,-40,24,32,17,-41,42,33 time: 0.02, learned: 848, props: 732632
-1676,-7,-31,-40,24,32,17,-41,42,-33 time: 0.08, learned: 2298, props: 2379532
-1676,-7,-31,-40,24,32,17,-41,-42,33 time: 0.08, learned: 1851, props: 2345812
-1676,-7,-31,-40,24,32,17,-41,-42,-33 time: 0.14, learned: 3224, props: 2964276
-1676,-7,-31,-40,24,32,-17,41,42,33 time: 0.09, learned: 2307, props: 2542238
-1676,-7,-31,-40,24,32,-17,41,42,-33 time: 0.05, learned: 1524, props: 1228301
-1676,-7,-31,-40,24,32,-17,41,-42,33 time: 0.08, learned: 2182, props: 2149426
-1676,-7,-31,-40,24,32,-17,41,-42,-33 time: 0.02, learned: 821, props: 719490
-1676,-7,-31,-40,24,32,-17,-41,42,33 time: 0.05, learned: 1517, props: 1499354
-1676,-7,-31,-40,24,32,-17,-41,42,-33 time: 0.04, learned: 1216, props: 1302987
-1676,-7,-31,-40,24,32,-17,-41,-42,33 time: 0.05, learned: 1498, props: 1514458
-1676,-7,-31,-40,24,32,-17,-41,-42,-33 time: 0.06, learned: 1702, props: 1597273
-1676,-7,-31,-40,24,-32,17,41,42,33 time: 0.08, learned: 1979, props: 2337293
-1676,-7,-31,-40,24,-32,17,41,42,-33 time: 0.04, learned: 1187, props: 1147523
-1676,-7,-31,-40,24,-32,17,41,-42,33 time: 0.07, learned: 1794, props: 1991371
-1676,-7,-31,-40,24,-32,17,41,-42,-33 time: 0.09, learned: 2338, props: 2506360
-1676,-7,-31,-40,24,-32,17,-41,42,33 time: 0.04, learned: 1160, props: 1100710
-1676,-7,-31,-40,24,-32,17,-41,42,-33 time: 0.23, learned: 5350, props: 4865096
-1676,-7,-31,-40,24,-32,17,-41,-42,33 time: 0.13, learned: 3497, props: 2866256
-1676,-7,-31,-40,24,-32,17,-41,-42,-33 time: 0.23, learned: 5397, props: 4557177
-1676,-7,-31,-40,24,-32,-17,41,42,33 time: 0.07, learned: 1814, props: 2116215
-1676,-7,-31,-40,24,-32,-17,41,42,-33 time: 0.03, learned: 834, props: 730849
-1676,-7,-31,-40,24,-32,-17,41,-42,33 time: 0.05, learned: 1449, props: 1268162
-1676,-7,-31,-40,24,-32,-17,41,-42,-33 time: 0.05, learned: 1377, props: 1461630
-1676,-7,-31,-40,24,-32,-17,-41,42,33 time: 0.05, learned: 1510, props: 1205420
-1676,-7,-31,-40,24,-32,-17,-41,42,-33 time: 0.05, learned: 1513, props: 1485390
-1676,-7,-31,-40,24,-32,-17,-41,-42,33 time: 0.04, learned: 1165, props: 982699
-1676,-7,-31,-40,24,-32,-17,-41,-42,-33 time: 0.07, learned: 1839, props: 1878110
-1676,-7,-31,-40,-24,32,17,41,42,33 time: 0.08, learned: 1976, props: 2007442
-1676,-7,-31,-40,-24,32,17,41,42,-33 time: 0.05, learned: 1446, props: 1359641
-1676,-7,-31,-40,-24,32,17,41,-42,33 time: 0.03, learned: 1043, props: 854236
-1676,-7,-31,-40,-24,32,17,41,-42,-33 time: 0.02, learned: 809, props: 655468
-1676,-7,-31,-40,-24,32,17,-41,42,33 time: 0.05, learned: 1432, props: 1471654
-1676,-7,-31,-40,-24,32,17,-41,42,-33 time: 0.07, learned: 1792, props: 1854701
-1676,-7,-31,-40,-24,32,17,-41,-42,33 time: 0.04, learned: 1374, props: 1156023
-1676,-7,-31,-40,-24,32,17,-41,-42,-33 time: 0.13, learned: 3024, props: 2862470
-1676,-7,-31,-40,-24,32,-17,41,42,33 time: 0.09, learned: 2311, props: 2080469
-1676,-7,-31,-40,-24,32,-17,41,42,-33 time: 0.05, learned: 1472, props: 1394963
-1676,-7,-31,-40,-24,32,-17,41,-42,33 time: 0.04, learned: 1356, props: 1194975
-1676,-7,-31,-40,-24,32,-17,41,-42,-33 time: 0.02, learned: 701, props: 638906
-1676,-7,-31,-40,-24,32,-17,-41,42,33 time: 0.03, learned: 1002, props: 916729
-1676,-7,-31,-40,-24,32,-17,-41,42,-33 time: 0.03, learned: 889, props: 724876
-1676,-7,-31,-40,-24,32,-17,-41,-42,33 time: 0.05, learned: 1284, props: 1274163
-1676,-7,-31,-40,-24,32,-17,-41,-42,-33 time: 0.04, learned: 1347, props: 1227914
-1676,-7,-31,-40,-24,-32,17,41,42,33 time: 0.15, learned: 3054, props: 3512797
-1676,-7,-31,-40,-24,-32,17,41,42,-33 time: 0.13, learned: 2960, props: 3158645
-1676,-7,-31,-40,-24,-32,17,41,-42,33 time: 0.05, learned: 1555, props: 1453918
-1676,-7,-31,-40,-24,-32,17,41,-42,-33 time: 0.08, learned: 2091, props: 2252917
-1676,-7,-31,-40,-24,-32,17,-41,42,33 time: 0.05, learned: 1533, props: 1312688
-1676,-7,-31,-40,-24,-32,17,-41,42,-33 time: 0.24, learned: 5316, props: 4730919
-1676,-7,-31,-40,-24,-32,17,-41,-42,33 time: 0.05, learned: 1551, props: 1436872
-1676,-7,-31,-40,-24,-32,17,-41,-42,-33 time: 0.17, learned: 4149, props: 3956428
-1676,-7,-31,-40,-24,-32,-17,41,42,33 time: 0.06, learned: 1591, props: 1659610
-1676,-7,-31,-40,-24,-32,-17,41,42,-33 time: 0.08, learned: 1986, props: 2227019
-1676,-7,-31,-40,-24,-32,-17,41,-42,33 time: 0.02, learned: 789, props: 692089
-1676,-7,-31,-40,-24,-32,-17,41,-42,-33 time: 0.03, learned: 851, props: 932029
-1676,-7,-31,-40,-24,-32,-17,-41,42,33 time: 0.04, learned: 1221, props: 994862
-1676,-7,-31,-40,-24,-32,-17,-41,42,-33 time: 0.05, learned: 1603, props: 1313702
-1676,-7,-31,-40,-24,-32,-17,-41,-42,33 time: 0.03, learned: 907, props: 776345
-1676,-7,-31,-40,-24,-32,-17,-41,-42,-33 time: 0.04, learned: 1271, props: 1237073
c solving stats
c sum time: 56.13
c max time: 0.35
c avg time: 0.05
c approx optimal scheduling on 4 cores: 14.04
c approx optimal scheduling on 8 cores: 7.02
c approx optimal scheduling on 16 cores: 3.51
c approx optimal scheduling on 32 cores: 1.76
c approx optimal scheduling on 64 cores: 0.88
c approx optimal scheduling on 128 cores: 0.44
